1126720387 -0.550312 1.19781 -0.0212442 450 890 3220 1270
1126929281 20.8986 3.75922 -0.0403187 450 890 3210 1270
1127138177 88.7998 3.72651 -0.0690481 450 890 3200 1260
1127347041 208.423 -3.14704 -0.0763131 450 3060 3130 1250
1127555912 365.806 -8.57669 -0.0668151 460 2970 3030 1230
1127764793 496.378 -13.1749 -0.0556655 470 2810 2890 1220
1127869220 613.971 -15.5048 -0.0515618 470 2730 2810 1230
1127973649 729.966 -18.313 -0.0632425 470 2650 2710 1250
1128078093 863.856 -29.0963 -0.0627277 480 2550 2640 1570
1128287012 988.345 -33.2556 -0.0622378 340 2390 2490 1560
1128391448 1113.19 -37.5446 -0.0652785 300 2310 2400 1560
1128495884 1265.09 -34.8202 -0.0681944 300 2230 2310 1560
1128704771 1388.25 -34.9762 -0.0698498 300 2060 2160 1550
1128809227 1503.7 -38.4905 -0.0700393 300 1100 2160 1550
1128913654 1620.46 -41.8593 -0.0737556 300 1030 2010 1540
1129122565 1746.85 -49.0993 -0.0746531 310 910 1880 1540
1129331439 1917.44 -55.4385 -0.0760189 310 1600 1720 1530
1129435885 2087.35 -61.9487 -0.0762759 310 1530 1660 1530
1129644780 2202.13 -67.0644 -0.0820758 320 1400 1510 1510
1129749205 2317.51 -72.3574 -0.0826279 320 1330 1520 1550
1129853635 2445.66 -79.5187 -0.0811899 340 1250 1450 350
1130062545 2557.7 -83.717 -0.0815192 400 1140 7620 1460
1130167028 2730.92 -88.7228 -0.0865305 430 1090 7620 1470
1130375840 2850.48 -98.9074 -0.0860479 500 990 3910 1100
1130480294 2976.39 -104.182 -0.0872276 560 7640 3910 1060
1130584760 3093.76 -113.637 -0.0868764 590 7640 3730 1070
1130793637 3211.25 -118.106 -0.0907285 600 7640 3590 1110
1130898082 3321.88 -126.208 -0.0904226 600 7640 3500 1090
1131002554 3440.66 -135.596 -0.0922802 600 7640 3430 1060
1131106979 3553.02 -141.321 -0.0911343 550 7640 3350 1050
1131315894 3665.82 -151.37 -0.0924926 490 7550 3350 1050
1131420287 3787.75 -158.731 -0.0961796 490 7570 5240 1060
1131629144 3949.29 -171.137 -0.0965585 510 7570 5200 1060
1131733595 4059.37 -181.748 -0.0976263 520 7580 5200 1010
1131838023 4174.35 -186.657 -0.0955766 520 7580 2840 1010
1132046938 4299.42 -199.913 -0.0808355 530 7590 4880 1420
1132151385 4418.36 -199.491 -0.0624883 530 7590 4790 1420
1132360244 4578.99 -206.672 -0.0317824 540 7590 4640 1410
1132464695 4690.95 -210.685 -0.0123522 530 7590 4550 1420
1132569129 4810.02 -206.093 0.00691181 530 7580 4550 1420
1132778028 4922 -204.928 0.0100876 520 7580 4400 1420
1132882470 5035.09 -198.046 0.00550654 520 7570 4260 1430
1132986937 5145.28 -198.941 0.00869979 520 7570 4260 1430
1133195818 5273.62 -195.827 0.00732953 510 7560 4260 1440
1133300245 5389.7 -194.021 0.00861622 510 7560 4260 1440
1133404673 5508.66 -186.184 0.00391423 500 7550 4260 1440
1133509127 5629.94 -184.223 0.00452825 500 7550 4260 1450
1133718010 5737.57 -179.864 0.00291826 490 7550 4260 1450
1133822450 5857.83 -177.316 0.00442857 500 7550 4260 1460
1133926968 5968.72 -176.976 0.00179554 490 7540 4260 1460
1134031372 6082.05 -172.501 -0.00117949 490 7530 4260 1460
1134240234 6209.45 -174.316 0.000293057 480 7530 4260 1470
1134344681 6326.41 -170.674 -0.00106962 480 7530 4260 1470
1134449132 6437.73 -171.207 0.0010255 480 7520 4260 1480
1134658002 6560.47 -169.68 -0.00364441 470 7520 4790 1480
1134762431 6674.75 -164.45 -0.00413164 470 7520 4790 1480
1134866855 6789.79 -163.255 -0.0045637 460 7510 4790 1500
1134971285 6902.55 -161.288 -0.00465482 460 7520 4790 1480
1135180191 7020.11 -160.898 -0.00723935 460 7510 4250 1680
1135284673 7133.67 -155.514 -0.00857826 460 7510 4250 1680
1135389060 7247.25 -152.417 -0.00945517 450 7500 4180 1660
1135597959 7362.9 -148.207 -0.0103232 450 7500 4110 1430
1135702382 7473.65 -148.244 -0.0099081 440 7500 3890 1580
1135806836 7590.1 -145.364 -0.0147644 440 7490 3800 690
1135911289 7711.28 -146.801 -0.0123526 440 7490 3610 640
1136120207 7823.26 -147.19 -0.0123297 440 7490 3450 1030
1136224700 7945.52 -142.192 -0.0141821 430 7480 3370 990
1136329068 8060.46 -144.967 -0.0163291 430 7480 3200 980
1136433535 8180.65 -142.787 -0.0186992 430 7490 3170 970
1136642422 8302.71 -144.232 -0.016519 430 4200 2980 1460
1136746887 8416.1 -143.119 -0.0184668 430 4140 2920 780
1136851277 8526.93 -142.105 -0.0185946 430 7480 2820 1450
1136955747 8644.37 -142.621 -0.0222687 430 7480 2750 640
1137164631 8767.8 -143.007 -0.0217504 420 7470 2580 1440
1137269049 8879.46 -144.654 -0.0217303 420 7480 2450 1480
1137373521 8995.13 -144.374 -0.0216233 420 7480 2430 1510
1137582390 9116.1 -144.442 -0.0244884 420 7470 2280 640
1137686826 9228.1 -143.937 -0.0263135 420 7480 2970 610
1137791290 9343.3 -148.822 -0.0249916 420 7480 2510 570
1137895749 9469.22 -147.404 -0.0266842 420 4390 2740 540
1138104605 9580.67 -149.235 -0.0246955 420 7470 2590 530
1138209045 9703.57 -149.354 -0.0296081 420 7470 2500 530
1138313494 9840.72 -146.583 -0.030918 420 7470 1680 530
1138522351 9958.18 -151.358 -0.0298236 420 7470 1700 830
1138626793 10121.2 -149.513 -0.0326906 420 7470 2170 810
1138835675 10298.5 -157.121 -0.0351668 420 7470 2020 750
1139044540 10464.8 -158.247 -0.0361358 410 7460 1850 740
1139253432 10637.6 -168.276 -0.0354423 420 7470 1700 740
1139357849 10751.3 -172.126 -0.0394041 410 7470 1630 770
1139566773 10872.1 -174.281 -0.0384315 420 7480 1480 1520
1139671200 10988.1 -177.598 -0.0396052 420 3080 1400 1460
1139775626 11100.9 -175.276 -0.0400757 420 3620 1340 550
1139984497 11224.4 -180.191 -0.0418417 420 7480 1190 480
1140088926 11336.6 -178.158 -0.0448969 430 7480 1300 460
1140297826 11506.4 -181.375 -0.0444032 430 3280 2410 460
1140402244 11617.5 -184.276 -0.0448458 430 4630 2290 460
1140506701 11737.4 -184.179 -0.0481209 430 4550 2230 500
1140715592 11849.5 -188.197 -0.049084 430 2100 2060 600
1140820079 11957.6 -189.305 -0.0495605 430 7490 1980 560
1140924475 12066.7 -190.949 -0.0487199 440 7490 1910 530
1141028903 12186.9 -195.82 -0.0493806 440 4130 1820 510
1141237800 12297.3 -195.079 -0.0545817 440 3960 1660 510
1141342251 12408.7 -201.297 -0.0539395 440 3870 1590 510
1141446702 12527.1 -201.631 -0.0545613 450 3780 1510 540
1141655602 12631.8 -205.136 -0.0538063 450 7510 1360 530
1141760085 12744 -206.831 -0.058154 450 7510 1290 500
1141864483 12865.6 -206.741 -0.0593771 450 2070 1210 500
1141968922 12982.1 -209.655 -0.0594438 460 1980 1140 500
1142177810 13093.5 -214.098 -0.0600364 460 1820 1010 490
1142282300 13213.7 -219.038 -0.0607195 460 1740 950 1350
1142386699 13324.1 -220.089 -0.0652661 470 1660 1500 1380
1142491147 13432.7 -228.351 -0.0646477 470 2980 1420 1480
1142700072 13548.2 -230.54 -0.0659861 470 2020 1460 560
1142804472 13653.6 -238.847 -0.0646485 480 1950 1930 500
1142908966 13759.2 -240.97 -0.0679566 480 2620 1110 470
1143117833 13868.4 -245.165 -0.0688421 490 2460 940 450
1143222279 13971.1 -251.806 -0.0684963 490 2390 880 450
1143326703 14076.3 -253.542 -0.069778 490 2280 810 440
1143431131 14195.7 -261.703 -0.0695599 500 2200 750 480
1143640036 14306.8 -264.263 -0.0753488 500 2020 1300 1350
1143744431 14413.3 -273.377 -0.073277 510 1940 1220 390
1143848853 14530.8 -279.142 -0.0621513 510 1930 1140 350
1144057786 14641.5 -284.003 -0.0343939 510 1770 1010 340
1144162205 14750.7 -285.412 0.00239197 510 1690 1610 340
1144266657 14867.7 -282.406 0.0132559 510 1600 1550 340
1144371095 14974.8 -275.618 0.00673675 510 1530 2200 400
1144580039 15081.5 -273.432 0.0117252 500 1380 1330 560
1144684444 15197.1 -271.385 0.0104909 490 1290 1260 510
1144788904 15305.9 -264.427 0.00618785 490 1220 2000 480
1144893327 15414 -262.996 0.00649534 490 1140 1280 470
1145102242 15530.8 -256.245 0.00495989 480 1020 1770 480
1145311111 15689.2 -252.457 0.00576022 480 1710 1630 510
1145415532 15795 -250.701 0.00120261 470 1630 1560 630
1145519972 15902.5 -246.615 0.000875246 470 1560 1490 580
1145728853 16020 -247.013 0.00111761 460 1410 1340 510
1145833305 16126.9 -242.87 0.000312754 460 1340 1260 490
1145937750 16229.5 -241.764 -0.000834333 460 1250 1190 500
1146042206 16344.9 -240.891 -0.0032944 460 1200 1300 500
1146251088 16452.5 -237.222 -0.00378553 440 1060 1200 520
1146355551 16561.8 -236.104 -0.0043102 440 7600 1200 1380
1146460022 16678.1 -232.002 -0.0046956 490 7600 1200 1490
1146564403 16777.7 -231.649 -0.00894507 530 7590 7530 490
1146773294 16883.6 -229.971 -0.00776067 540 7590 7500 440
1146877697 16996.3 -226.919 -0.00899547 540 7580 7490 440
1146982139 17099.3 -224.147 -0.0102447 540 7580 7500 450
1147191082 17203.9 -223.113 -0.01312 520 7590 7500 460
1147295444 17316.9 -220.465 -0.0150943 470 7520 7500 1400
1147399901 17419 -220.18 -0.0130437 440 7460 7610 1410
1147504342 17522.5 -221.624 -0.0137975 410 7480 7620 810
1147713254 17635.9 -217.328 -0.0146255 430 7480 7620 640
1147817720 17742.1 -219.249 -0.0178584 430 7480 7620 640
1147922132 17849.1 -216.035 -0.0199008 430 7480 7620 640
1148131034 17956.1 -218.232 -0.0190544 420 7480 6630 640
1148235457 18066.2 -215.479 -0.0195472 420 7480 7620 640
1148339922 18177 -215.097 -0.0225131 420 7480 7620 640
1148444322 18297 -214.551 -0.0247581 420 7470 6380 900
1148653176 18406.8 -216.97 -0.0280924 420 7470 6190 1410
1148757644 18516.6 -214.387 -0.0382349 420 7470 6120 1430
1148862097 18630.6 -216.063 -0.0465367 420 7480 7620 1430
1149070999 18794.8 -217.263 -0.0775671 430 7480 5860 1520
1149175431 18903.5 -221.946 -0.101988 430 5740 5840 1510
1149384303 19010.2 -230.1 -0.124863 450 5580 5650 1500
1149488760 19112.3 -242.135 -0.145381 460 5500 3750 1490
1149593198 19220.8 -253.946 -0.136504 470 5400 5500 1480
1149697649 19326 -264.933 -0.137518 480 5320 5500 1470
1149906519 19431.5 -276.133 -0.138853 490 7560 5250 1450
1150010994 19548 -292.846 -0.138912 500 7560 5250 1440
1150115426 19654 -305.403 -0.14117 510 7580 5250 1430
1150219858 19757 -318.838 -0.140251 520 7590 5250 1430
1150428751 19870.4 -334.859 -0.141893 540 2910 2980 1410
1150533179 19974.8 -347.61 -0.143621 550 7610 2940 1400
1150637633 20082.1 -364.737 -0.144095 560 4620 2900 1390
1150846541 20194.9 -379.613 -0.14413 580 4420 4500 1370
1151055420 20350.6 -399.237 -0.144425 600 2440 4360 1350
1151159845 20456.2 -414.435 -0.147991 610 2360 4280 1340
1151264300 20564.4 -425.024 -0.149624 620 2280 4060 1330
1151368738 20677.5 -442.382 -0.148298 630 2210 2330 1320
1151577640 20782.2 -453.335 -0.149083 650 3850 3780 1300
1151682078 20882.9 -467.002 -0.149414 550 3770 3710 1290
1151786522 20994.6 -480.172 -0.153567 540 3710 3630 1280
1151890975 21102.5 -493.816 -0.151923 560 3660 3570 1270
1152099888 21211.4 -507.051 -0.153449 580 3470 3400 1250
1152204258 21327.9 -522.958 -0.15264 600 3410 3350 1220
1152413110 21483.6 -543.342 -0.155934 620 3390 3230 1280
1152517579 21588.5 -557.366 -0.156505 630 3390 2530 1260
1152622009 21695.1 -569.502 -0.156789 640 3070 2450 1280
1152830911 21810.2 -586.592 -0.157194 670 2910 2850 1330
1152935365 21914 -598.49 -0.159255 680 2850 2720 1260
1153039796 22014 -615.574 -0.159869 690 2780 2910 1220
1153248696 22118.5 -626.961 -0.161687 720 2620 1950 1150
1153353128 22231.8 -643.971 -0.160768 730 2550 1880 1120
1153457581 22339.2 -656.77 -0.161215 740 2490 2630 1090
1153562038 22447.6 -673.674 -0.163716 760 2430 2550 1090
1153770949 22558.6 -692.845 -0.164332 870 2440 1550 1070
1153875378 22663 -705.963 -0.16391 890 2440 2430 1050
1153979827 22768.3 -724.506 -0.16367 890 2440 3040 1040
1154188682 22881 -737.368 -0.166821 930 2030 1630 1090
1154293134 22985 -756.857 -0.166887 1000 1990 2390 1110
1154397590 23087.1 -768.461 -0.163119 1040 1990 2650 1130
1154502051 23191.4 -787.615 -0.140733 1060 1990 1500 1160
1154711006 23293.8 -800.234 -0.113736 1080 2820 1500 1060
1154815408 23398.8 -808.828 -0.0869048 1080 2820 2320 1040
1154919867 23505.1 -815.628 -0.0907737 1080 2820 2230 980
1155024293 23614.5 -824.413 -0.0911605 1080 2820 2150 700
1155233194 23714.6 -832.159 -0.0915204 1090 2820 1980 630
1155337660 23815.8 -836.378 -0.0909209 1110 7580 1630 470
1155442086 23925.6 -844.925 -0.0950059 1110 2430 1820 440
1155650957 24027.7 -849.829 -0.095976 1120 2890 3480 430
1155755420 24130.1 -859.977 -0.0942954 1130 2190 7580 450
1155859894 24239.3 -866.94 -0.0958368 1130 2120 1960 510
1155964273 24337.7 -873.638 -0.0951756 1130 2060 1870 620
1156173186 24439 -881.73 -0.0992661 1090 1880 1250 410
1156277646 24549 -886.367 -0.0991574 1080 2290 2300 400
1156382094 24652.6 -896.321 -0.0965301 1040 2210 1550 410
1156486554 24752.4 -902.822 -0.0778623 1070 2140 1600 400
1156695428 24850.4 -910.225 -0.0471013 850 2100 1970 410
1156904282 25000.5 -916.852 -0.021525 850 1950 1800 340
1157008763 25104.1 -911.508 -0.027879 860 1890 1750 330
1157113191 25209.2 -917.581 -0.0259981 870 2310 1550 330
1157322182 25323.2 -916.721 -0.027507 850 2200 1400 430
1157426556 25425.1 -918.909 -0.0264279 900 2200 1440 420
1157530980 25533.4 -918.766 -0.0300081 1080 1920 1310 400
1157635421 25649.2 -918.452 -0.0307291 870 1920 1160 370
1157844317 25758.3 -919.476 -0.0313139 780 1920 7560 370
1157948767 25865.7 -920.429 -0.0336767 680 1700 930 410
1158053214 25976.5 -921.102 -0.0354211 630 1580 2920 470
1158157664 26082.8 -923.631 -0.0339907 590 1580 7600 600
1158366560 26183.8 -927.544 -0.0337941 430 2600 3960 370
1158471060 26296.1 -925.94 -0.0355446 450 7490 1190 360
1158575425 26403.6 -931.3 -0.0394472 550 7490 1760 380
1158784299 26509.9 -930.146 -0.0405368 1080 2210 2220 480
1158888710 26612.4 -933.456 -0.038216 650 2150 2210 620
1158993161 26715.2 -935.511 -0.0397156 640 2060 2000 710
1159097566 26817.1 -937.156 -0.0321931 480 2100 1970 530
1159306458 26920.7 -940.899 -0.0106319 560 7630 1800 370
1159410927 27026.7 -939.699 0.0223502 480 7630 1150 620
1159515354 27126.7 -933.746 0.0196041 580 1070 1540 560
1159619852 27229.7 -933.398 0.019094 710 2340 1030 630
1159828690 27341.4 -929.352 0.0187671 660 2180 1450 370
1159933118 27447.3 -925.518 0.0152827 420 2180 1220 360
1160037589 27550.3 -924.077 0.0140276 400 1980 2120 350
1160246468 27659.4 -919.193 0.0141147 410 1850 1020 380
1160455391 27810.8 -914.863 0.0147037 440 1680 1950 440
1160559810 27912.5 -914.329 0.0117679 650 1500 1900 400
1160664228 28015.8 -908.915 0.00813408 610 1430 1640 380
1160768704 28128.6 -909.464 0.0101859 430 1340 1740 370
1160977548 28234.3 -903.052 0.0087125 430 1180 1650 470
1161186425 28389.2 -898.763 0.00882644 580 1160 1230 640
1161290889 28492.7 -895.388 0.00482442 440 1540 1230 620
1161395328 28604.2 -891.484 0.00455463 400 1610 7620 620
1161499759 28707.3 -890.651 0.00474244 380 7540 1030 440
1161708646 28809.9 -885.376 0.00436168 370 1350 2080 560
1161813093 28916.8 -884.45 0.000277081 480 1300 7490 400
1161917548 29020.4 -884.327 0.000930667 520 1240 7490 600
1162126443 29135.7 -878.876 -0.000373268 770 1070 7460 340
1162230893 29242.4 -879.576 -0.000164459 530 7540 7440 320
1162335338 29348.7 -875.251 -0.00385159 490 1500 7420 320
1162439791 29457.6 -873.677 -0.00405225 490 7640 1520 320
1162648645 29562.5 -870.992 -0.00414089 460 1260 1360 490
1162753070 29665.3 -868.266 -0.00588132 480 1190 1360 480
1162857497 29779.6 -865.403 -0.00600528 660 7610 7630 660
1162961965 29884.2 -864.389 -0.00967622 560 1060 7540 640
1163170849 29989.7 -861.055 -0.0104527 460 910 7640 450
1163275319 30100.9 -859.798 -0.00942507 460 7290 7090 440
1163379808 30206.7 -859.756 -0.00949194 370 7220 7090 480
1163588707 30311.6 -856.068 -0.0162132 480 980 6940 620
1163693076 30419.7 -857.342 -0.0181112 670 6990 6940 960
1163797542 30520.7 -856.225 -0.0187413 700 6900 6940 960
1164006433 30672 -857.756 -0.0181112 570 6730 4450 960
1164215336 30827.8 -856.03 -0.0228736 450 6570 4340 960
1164319762 30931.4 -857.025 -0.0232312 330 6470 4290 960
1164528669 31040.9 -856.059 -0.0247109 330 6290 6120 960
1164633119 31191.2 -856.039 -0.0236849 440 6200 3120 960
1164841947 31350 -858.206 -0.029419 1000 6020 3000 950
1165050810 31452.4 -856.605 -0.0306262 1000 2800 2860 950
1165259740 31607.6 -858.226 -0.0319763 1000 5520 2790 950
1165364171 31757.2 -860.873 -0.035575 1000 5410 5640 950
1165573057 31911.1 -866.518 -0.0354141 1000 5470 2590 950
1165781932 32012.7 -863.139 -0.0300461 1000 5390 2500 950
1165886388 32165.7 -865.925 0.0103439 1000 5390 5050 950
1166095262 32269.8 -859.639 0.05565 990 5050 4890 960
1166304123 32402.9 -847.158 0.149684 970 4970 4700 980
1166513037 32539.4 -818.613 0.275597 940 3730 4540 1030
1166617461 32633.9 -789.309 0.372224 920 3670 4460 1010
1166721921 32715.7 -752.982 0.460853 890 3600 4380 980
1166826342 32790.2 -712.44 0.548361 870 3510 3630 950
1167035265 32906.2 -634.586 0.670292 830 3370 3450 920
1167244125 33014.9 -543.204 0.78301 2610 3220 2550 900
1167452996 33110.5 -438.358 0.875678 710 3120 2390 920
1167661848 33199.9 -320.906 0.948558 640 2900 2250 940
1167870708 33284.7 -193.886 1.0151 580 2850 2800 980
1168079627 33365.5 -62.9824 1.0629 560 2740 2630 1030
1168288485 33430.5 71.9051 1.09 3580 2600 2460 1090
1168392956 33474.9 164.514 1.09959 3570 2440 2360 1120
1168497403 33523.3 262.287 1.11042 640 3530 2290 1150
1168706311 33570.4 356.264 1.11761 680 2280 2150 1220
1168915190 33634.5 496.272 1.13807 750 2130 1990 1280
1169019650 33691.4 634.656 1.19361 780 2060 1920 1270
1169228554 33740.5 776.441 1.28681 820 5630 1710 1210
1169437485 33778.7 919.548 1.41001 840 5500 2250 1160
1169646317 33797.1 1056.35 1.5372 840 5400 2700 1150
1169750745 33802.4 1158.24 1.54592 840 5400 5250 1140
1169959639 33801.9 1271.38 1.54031 840 5400 5100 1190
1170064094 33807.7 1377.41 1.54345 840 5400 5020 1240
1170168558 33812.1 1492.51 1.54127 840 5400 4940 1250
1170377434 33816.1 1622.1 1.53996 840 5400 4780 1240
1170481891 33814.2 1739.79 1.53884 850 5400 4700 1220
1170690773 33816 1847.64 1.53783 850 5400 4540 1170
1170795232 33814.7 1958.36 1.53727 850 5400 4460 1160
1170899696 33819.9 2075.54 1.53396 850 5400 4370 720
1171004140 33821.5 2181.41 1.53333 850 5400 4290 670
1171212994 33822.7 2288.41 1.53496 850 5400 4130 630
1171317446 33829.1 2401.04 1.53508 850 5400 4050 620
1171421880 33827.6 2520.55 1.53145 850 5400 3970 620
1171526304 33835.5 2630.05 1.53072 850 5400 3890 640
1171735200 33837 2739.67 1.53077 860 5400 3730 690
1171839633 33844.4 2849.95 1.53193 860 5400 3650 710
1171944083 33849.9 2959.58 1.53145 860 5400 3570 1130
1172048582 33852.6 3071.73 1.52645 860 5400 3490 1130
1172257415 33860.2 3189.31 1.52775 870 5400 2480 1120
1172361835 33863 3297.26 1.52743 870 5400 3250 1120
1172570726 33870.5 3457.32 1.52538 870 5400 3100 1110
1172675151 33876.6 3565.6 1.52403 880 5400 3030 1110
1172884007 33879.2 3684.86 1.52376 880 5400 2870 1110
1172988480 33885.2 3795.62 1.52359 880 5400 2810 1110
1173092912 33888 3904.86 1.52239 890 5400 2740 1100
1173197395 33893.7 4015.23 1.51921 890 5400 2660 1100
1173406248 33898.6 4122.59 1.52039 890 5400 2510 1100
1173510677 33904.1 4228.33 1.52 900 5400 2450 1090
1173615130 33907.4 4340.69 1.51855 900 5400 2700 1090
1173824024 33912.8 4498.56 1.51397 900 5400 2700 1090
1174032928 33921.5 4651.97 1.51584 910 5400 2100 1080
1174137433 33928.8 4756.01 1.51565 910 7610 2040 1080
1174346297 33928.2 4862.2 1.51091 920 7440 1910 1070
1174450686 33935.7 4976.44 1.51124 920 7370 5800 1070
1174555139 33937.5 5079.88 1.51074 930 7370 5710 1060
1174764033 33946.5 5237.34 1.51192 930 7200 5550 1060
1174868459 33953.2 5344.69 1.50837 940 7200 5470 1050
1175077332 33955.5 5458.65 1.50766 940 6880 5300 1040
1175181796 33964.6 5567.71 1.50822 950 6800 5220 1030
1175286217 33967.5 5677.85 1.50689 950 6710 5140 1050
1175390643 33972.7 5788.28 1.50444 950 6620 5060 1090
1175599533 33978.5 5892.89 1.50608 960 4960 3980 1130
1175703961 33980 6000.27 1.52112 970 4870 3900 1130
1175808411 33984.3 6116.98 1.55145 970 6300 4730 1120
1176017328 33986.6 6220.97 1.57907 970 6140 4560 1060
1176121750 33978.8 6325.85 1.57553 960 6070 4480 1040
1176226185 33979.2 6438.94 1.57603 960 5980 4400 1020
1176330628 33975.9 6544.95 1.57642 960 4070 4320 1020
1176539513 33972.9 6654.38 1.57469 950 3900 3980 1030
1176643940 33973.1 6769.55 1.57327 950 3810 3890 1030
1176748393 33968.3 6877.48 1.5705 950 3730 3810 1030
1176852860 33968 6978.47 1.57226 950 3660 3920 1050
1177061760 33965.9 7089.09 1.57166 940 3510 3760 1020
1177166207 33960.2 7195.42 1.56735 940 3410 3500 1030
1177270645 33956.4 7304.2 1.56594 940 3330 3430 1030
1177479542 33952.8 7415.08 1.56558 940 4980 3450 1030
1177688439 33951.2 7567.44 1.56613 930 3010 3290 1030
1177792864 33948.9 7668.52 1.56214 930 2930 3210 1030
1177897289 33943 7774.61 1.56025 930 2870 3130 1030
1178001762 33944.7 7891.19 1.56101 930 2770 2880 1040
1178210624 33942 7997.37 1.5592 930 2640 2910 1050
1178315070 33941.4 8096.13 1.55959 930 2550 2840 1060
1178419495 33937.4 8208.65 1.55506 930 2470 2570 1060
1178523962 33935.5 8310.76 1.55506 930 4150 2690 1060
1178732846 33934.7 8415.96 1.55383 930 3990 2560 1060
1178837271 33932.8 8527.29 1.55352 930 3910 2470 1060
1178941755 33931.2 8628.29 1.55013 930 2110 2420 1060
1179150631 33929.4 8729.36 1.54989 930 3690 2290 1060
1179255104 33930.1 8840.43 1.5498 930 3610 2220 1060
1179359517 33924.4 8945.37 1.54849 930 3520 3630 1060
1179463941 33927.9 9051.35 1.54841 930 3440 3560 1060
1179672826 33923.1 9166.08 1.54402 930 3290 3380 1060
1179881696 33924.4 9321.01 1.54471 930 3120 5880 1060
1179986143 33926.2 9424.26 1.54452 930 3050 3150 1060
1180090595 33922.1 9532.56 1.54216 930 2970 5000 1060
1180195048 33924.9 9646.06 1.53891 930 2890 2990 1060
1180403903 33923.6 9754.54 1.53904 930 2750 2890 1050
1180508352 33926.4 9857.61 1.53977 940 2690 2790 1040
1180612817 33927.6 9968.23 1.53919 940 2680 2690 1050
1180821710 33927.5 10070.1 1.53479 940 2480 2580 1150
1180926164 33930.9 10176.9 1.53439 940 2480 5040 1150
1181030607 33931.6 10288.1 1.53453 940 2340 4960 1140
1181135049 33934.2 10386.2 1.53401 940 2240 4890 1140
1181343949 33935.4 10493.8 1.53398 930 2100 2230 1100
1181448404 33937.7 10609.5 1.53057 940 2030 2200 1070
1181552825 33936.7 10717.9 1.5289 990 1980 2180 1050
1181657276 33938.4 10826 1.5289 1020 1920 2130 1030
1181866227 33939.8 10940.4 1.52869 1060 7500 2580 1030
1181970755 33941.2 11044.2 1.52646 1060 7500 2510 1030
1182075088 33946.8 11148.5 1.5253 1060 7500 2450 1030
1182283960 33945.5 11261.3 1.52373 1060 7500 2850 1020
1182388405 33950.8 11368.1 1.52439 1060 7500 2770 1080
1182492856 33950.9 11474.4 1.5225 1070 7500 2650 1110
1182597323 33955.4 11580.2 1.51905 1070 7260 2110 1240
1182806238 33959.2 11686.2 1.52053 1080 6730 2430 1160
1182910683 33960.8 11798.1 1.51926 1100 6640 2370 1120
1183015139 33964.8 11913.9 1.51884 1090 6560 2310 1080
1183223993 33966.5 12018.7 1.52868 1100 6400 2130 1020
1183328431 33968.3 12121.4 1.55446 1060 6370 2080 1010
1183432860 33969.3 12227.3 1.60118 1030 6210 2010 990
1183641756 33959.8 12379.7 1.66454 970 6070 1690 960
1183746194 33945.9 12485.3 1.66224 940 5970 5980 890
1183955088 33932.2 12588.6 1.66092 940 5820 5830 590
1184059546 33916.6 12695.9 1.66197 930 5720 5740 590
1184163986 33907.3 12796.4 1.66269 920 5640 5640 560
1184268411 33894.9 12898 1.66126 910 5550 5570 590
1184477391 33879.3 13009.6 1.65689 890 5380 5410 940
1184581775 33869.3 13114.9 1.6574 880 5290 5330 950
1184686225 33856 13216.4 1.65561 870 5210 5250 960
1184895096 33844.4 13320 1.65788 850 5050 5080 980
1184999543 33833.8 13422.7 1.65429 850 4960 4990 990
1185103966 33823.8 13525.5 1.65162 840 4880 4910 1000
1185208419 33811.8 13629 1.65181 830 4800 4820 1000
1185417329 33799.9 13739.9 1.64995 810 4630 4650 750
1185521796 33785.8 13843.1 1.64859 800 4550 4570 710
1185626239 33778.4 13943.9 1.64704 790 4470 4480 750
1185730633 33770 14054.1 1.6465 790 4380 4400 710
1185939516 33758.6 14159.7 1.64466 770 4220 4240 970
1186043953 33749.8 14266.3 1.64366 760 4130 4150 940
1186148371 33738.9 14378.7 1.63939 750 4050 4070 650
1186357294 33732 14474.4 1.64014 740 3880 3900 610
1186461733 33722.5 14575.9 1.64103 730 3800 3820 600
1186566190 33711.5 14683.4 1.63977 720 3720 3740 620
1186670627 33703.4 14782.6 1.63772 710 3640 3660 630
1186879470 33693.2 14880.2 1.63104 700 3470 3490 650
1186983937 33684.5 14978.3 1.63246 690 3390 3410 650
1187088365 33675.3 15076.2 1.63423 690 3310 3330 660
1187192823 33668.1 15174.9 1.63453 680 3230 3260 670
1187401728 33655.3 15286.2 1.62866 670 3060 3090 670
1187506179 33649 15387.9 1.62961 660 2980 3010 680
1187610610 33636.4 15489.7 1.62823 660 2890 2920 680
1187819516 33631.6 15594.1 1.63019 640 2730 2760 700
1187923945 33621.9 15694.9 1.63478 640 2650 2670 710
1188028374 33612.1 15795.6 1.65036 630 2560 2590 660
1188132797 33600.6 15905.4 1.67822 620 2480 2510 750
1188341693 33588.5 16001.7 1.71681 600 2320 2340 1020
1188550560 33559.9 16147.8 1.78836 560 2160 2170 980
1188655002 33538.6 16241.2 1.85178 550 2090 2090 1270
1188759443 33506.6 16338.8 1.91214 540 2020 2020 1020
1188863866 33467.8 16436.8 1.97684 540 1950 1940 1640
1189072767 33400.5 16565.9 2.07094 540 1890 1800 1660
1189281656 33348.1 16651.9 2.13419 540 1890 1670 1530
1189386097 33289 16738.8 2.20341 540 1890 1610 1470
1189490582 33222.6 16820.2 2.24594 540 1890 1570 1730
1189595009 33147.6 16900.3 2.26182 540 1890 1510 1880
1189803906 33072 16974.1 2.27386 540 1890 1510 2430
1189908370 32990.8 17054.7 2.29068 540 1890 1510 2420
1190012803 32913.4 17131 2.31564 540 1890 1510 2410
1190221656 32802 17245.2 2.37902 540 1890 1510 1200
1190326133 32719.4 17322.6 2.43052 540 1890 1510 1130
1190535042 32593.7 17417.2 2.50625 540 1890 1510 1000
1190743895 32473.8 17502.8 2.55338 540 1890 1510 900
1190952780 32376.2 17561.4 2.5468 540 1890 1510 810
1191057234 32295.4 17623.4 2.55738 540 1890 1510 760
1191161719 32208.8 17678.6 2.575 540 1890 1510 720
1191266166 32116.4 17734.8 2.615 540 1890 1510 670
1191475044 31987 17808.7 2.70253 1410 1890 7600 590
1191683930 31851.1 17869.7 2.79945 1440 7610 7540 520
1191788356 31751 17901.1 2.7901 1460 7590 7510 490
1191997255 31654.3 17932.9 2.78916 1510 7540 7460 440
1192101683 31543.6 17970.3 2.79224 1550 7510 7440 410
1192206147 31445.5 18004.6 2.79126 1570 7490 7410 380
1192415039 31346.1 18043.1 2.79483 1630 7430 7350 330
1192519460 31248.3 18079.7 2.80963 1650 7410 7330 310
1192623910 31143.5 18111.3 2.84024 1670 7390 7300 280
1192728352 31043.5 18142.4 2.88157 1690 7370 7280 260
1192937231 30943.9 18166.7 2.94234 1710 7330 7250 230
1193041682 30836.7 18187.9 3.01894 1720 7320 7240 220
1193146220 30728.5 18201.7 3.02529 1720 7320 7240 210
1193250590 30629 18212.5 3.01374 1740 7310 7230 200
1193459457 30518 18223.2 3.02295 1760 7290 7220 200
1193563901 30410.3 18233.3 3.0178 1760 7290 7200 200
1193668326 30304 18242.1 3.01747 1760 7280 7200 200
1193877212 30187.4 18255.9 3.02589 1780 7460 7180 200
1193981651 30081.1 18265.9 3.03973 1790 7460 7180 200
1194086079 29972.8 18273 3.05822 1790 7460 7170 200
1194190516 29855.1 18283.1 3.08639 1800 7570 7170 200
1194399429 29745.7 18284.1 3.12741 1800 7250 7160 200
1194503852 29635.2 18288.6 -3.10622 1800 7240 7170 200
1194608306 29519.1 18275.5 -3.07317 1790 7250 7180 200
1194817201 29362.5 18258.5 -3.02579 1770 7280 7200 200
1194921652 29256.9 18241.8 -2.99697 1760 7290 7220 200
1195130554 29149.9 18223.5 -2.97858 1740 7320 7240 210
1195235012 29031.1 18199.8 -2.98357 1720 7340 7260 220
1195339456 28926.2 18178.8 -2.98455 1710 7350 7280 230
1195548310 28765.2 18153.3 -2.99326 1670 7390 7310 260
1195652753 28659.6 18133.1 -3.02082 1660 7400 7320 270
1195861636 28543.5 18115 -3.05983 1640 7440 7340 290
1195966088 28434.2 18103.1 -3.10804 1630 7440 7340 290
1196070550 28325.6 18093.5 3.12759 1630 7430 7340 290
1196279426 28219.9 18093.5 3.09261 1630 7410 7330 290
1196383873 28102.6 18098 3.06447 1630 7410 7330 290
1196488320 27991 18098.9 3.04361 1640 7400 7320 280
1196592795 27871.9 18113.3 3.04405 1650 7390 7310 280
1196801639 27762.5 18120 3.04739 1660 7380 7300 270
1197010558 27604.5 18132.3 3.04622 1670 7370 7290 250
1197115010 27495.6 18141.4 3.04584 1680 7360 7280 250
1197219427 27387.3 18145 3.04101 1690 7360 7280 240
1197323851 27265 18159.5 3.04225 1690 7350 7270 240
1197532745 27153.9 18165 3.04165 1710 7330 7250 220
1197637171 27049.6 18171.8 3.04222 1720 7320 7250 220
1197741623 26928.9 18182 3.05218 1720 3230 7240 210
1197950540 26819.3 18188.4 3.08016 1730 7320 7240 200
1198055022 26708.2 18193.9 3.11924 1730 2980 7240 200
1198159391 26601.2 18194.1 -3.1051 1730 2890 7240 210
1198368291 26458 18179.7 -2.9965 1710 7340 7270 230
1198472716 26363.3 18168.2 -2.90007 1700 7260 7290 240
1198681616 26268.9 18142.1 -2.79759 1660 7180 7130 300
1198786066 26173.4 18106.9 -2.66922 1640 7110 7040 340
1198890489 26096.3 18063.8 -2.54194 1620 7110 6960 340
1198994937 26027.7 18011 -2.41189 1600 7110 6900 340
1199203857 25959.8 17945.9 -2.27338 1600 7110 6850 340
1199308244 25909 17874.9 -2.16159 1600 1420 1540 340
1199412697 25856.7 17798.5 -2.06139 1600 1340 1450 340
1199621593 25815 17709.4 -1.9599 1600 1200 1290 6630
1199726044 25787.2 17629.7 -1.86251 1600 1130 1230 6560
1199830479 25762.6 17541.1 -1.76366 1600 1070 1120 6510
1199934940 25748.8 17445.9 -1.65588 1600 980 1030 6470
1200143894 25746 17357.5 -1.54501 1600 830 860 6440
1200248250 25753.6 17268.5 -1.41913 1600 750 780 6440
1200352699 25777.2 17177.6 -1.26817 1600 690 700 6460
1200457117 25803.3 17099.3 -1.11791 1600 640 630 6460
1200666000 25848.1 17027.2 -0.983446 1600 560 510 6460
1200770429 25907.6 16945.5 -0.85933 1600 560 460 6460
1200874869 25974.2 16880.5 -0.744889 1600 560 420 480
1201083762 26047.7 16827.5 -0.627484 1600 7420 7340 330
1201188223 26132.8 16773.1 -0.498262 1600 7380 7290 290
1201292701 26220 16733.2 -0.380457 1600 7350 7270 250
1201397107 26311.7 16703.3 -0.263122 1760 7310 7240 220
1201605980 26409.3 16680.4 -0.143739 1760 7290 7220 200
1201710433 26560.9 16671.2 -0.10176 1760 7290 7220 200
1201919344 26680.1 16664.1 -0.106119 1770 7290 7210 200
1202023802 26792.5 16658.3 -0.104706 1770 7310 7200 200
1202128222 26908.5 16648.1 -0.0950705 1780 7300 7190 200
1202337105 27027.8 16640.6 -0.0660796 1790 7430 7180 200
1202441535 27135.1 16639.8 -0.0255322 1790 7260 7180 200
1202545969 27243.1 16637.3 0.0278108 1790 7260 7190 200
1202650394 27357 16647.7 0.102118 1780 7260 7190 200
1202859284 27465.7 16661.3 0.185013 1760 7270 7220 200
1202963812 27565.2 16683.6 0.281776 1740 7620 7260 220
1203068207 27664.8 16721 0.402941 1720 7550 7290 250
1203277057 27751.6 16754.8 0.53264 1670 7550 7340 340
1203381540 27835.2 16806.7 0.633252 1650 7550 7340 340
1203485964 27923.5 16875.3 0.633228 1610 7550 7340 340
1203590424 28006.2 16943.1 0.616677 1560 7550 7340 340
1203799330 28132.5 17039.5 0.579446 1450 2140 7470 340
1204008217 28219.4 17093.1 0.556829 1350 2140 7250 340
1204112693 28310.1 17154.2 0.544366 1300 2140 7250 340
1204217053 28399.1 17203.4 0.546793 1250 2140 7110 340
1204321519 28484.6 17263.1 0.542116 1210 1740 6970 340
1204530373 28575.4 17321.9 0.544197 1110 1660 6840 1350
1204634827 28663.3 17382.5 0.537876 1070 1490 6450 1320
1204739269 28753.3 17434.5 0.516732 1020 1490 6350 1320
1204948161 28849.8 17494.5 0.47382 930 1490 6200 1320
1205052612 28941.8 17547.1 0.421431 880 7130 6120 1290
1205157037 29035.1 17595.6 0.352717 840 7030 6100 1280
1205261497 29135.9 17640.2 0.272373 800 5930 5940 1270
1205470409 29275.7 17678.1 0.144989 750 5690 5700 1180
1205679272 29383.7 17701.1 0.0708766 730 5500 4500 1190
1205783716 29488.1 17710.8 0.0517368 720 5420 5460 1190
1205888144 29590.4 17722 0.0609291 710 5340 5320 1200
1205992600 29697.6 17736.1 0.0586789 700 5270 5150 1210
1206201491 29804.2 17744.7 0.0599514 690 5090 5100 1220
1206410360 29964.3 17762.1 0.0560877 670 4920 4940 1240
1206514868 30082.7 17770.1 0.0516963 660 4840 4860 1240
1206723775 30244.1 17783.3 0.0132376 650 4670 4690 1250
1206932602 30402 17789.5 -0.0420789 650 4510 4540 1270
1207037070 30508.2 17786.2 -0.0762466 660 4420 3990 1260
1207141510 30612.9 17781.9 -0.103358 660 4340 3930 1250
1207350391 30722.9 17771.9 -0.132206 680 3710 3740 1230
1207454856 30876.1 17754.9 -0.174533 690 4100 3980 1220
1207663735 30981 17743.3 -0.203646 710 3440 3490 1200
1207768154 31087.2 17726.1 -0.230306 730 3870 3780 1180
1207872639 31197.8 17705.3 -0.26014 750 3280 3350 1170
1208081468 31301.5 17680.3 -0.285252 800 3590 3210 1130
1208185919 31400.9 17650.4 -0.31391 820 3050 3120 1110
1208290344 31507.8 17620.1 -0.34445 850 2860 3360 1090
1208394784 31608.9 17582.4 -0.369971 880 3190 2870 1060
1208603670 31706.9 17544.2 -0.366065 940 2710 2710 1010
1208708134 31816.5 17507 -0.365278 970 2630 2650 980
1208812598 31915.6 17466.3 -0.36471 990 2560 2560 950
1208917025 32016.6 17432.8 -0.366654 1020 2410 2470 920
1209125871 32122.5 17396.7 -0.373086 1080 2240 2310 870
1209230312 32224.6 17361.7 -0.392125 1110 2150 2230 840
1209334768 32324.9 17327.2 -0.417485 1140 2080 2170 810
1209543645 32425 17283.7 -0.439104 1220 1920 2020 750
1209648089 32526.6 17238.5 -0.465597 1250 1850 2350 710
1209856980 32675.5 17173.5 -0.524043 1350 1720 1830 650
1209961437 32771.6 17121.2 -0.576491 3380 1630 1740 600
1210065896 32866 17066.9 -0.642941 2610 1560 1670 600
1210274794 32957.4 16997 -0.712585 2000 1990 2100 520
1210379222 33044.3 16929.4 -0.780532 2060 1780 2230 480
1210483676 33125 16854.6 -0.84907 1830 2090 2190 450
1210588134 33206.8 16773.8 -0.919789 1800 2000 2090 440
1210797035 33277.2 16687 -0.98404 1190 1860 1980 440
1210901458 33335.8 16598.1 -1.04868 1130 2480 2550 3410
1211005893 33391.6 16507.5 -1.11641 1170 1750 2460 3380
1211214775 33442.7 16405.2 -1.18889 1080 2270 2330 510
1211319232 33484.5 16309.1 -1.25667 1050 2190 2670 560
1211423670 33520.7 16210.7 -1.32093 1320 2530 2590 560
1211528136 33546.5 16101.1 -1.39031 1130 2450 3440 580
1211737014 33566.1 15996.6 -1.45717 710 3220 3320 590
1211841443 33582.7 15880.3 -1.53011 740 3150 3260 600
1211945898 33585.3 15773.2 -1.59605 750 3070 5030 600
1212050333 33588.3 15667.4 -1.64751 720 3050 3120 590
1212259234 33575.5 15511.3 -1.64001 720 2940 2960 580
1212468114 33570.4 15393.4 -1.64382 770 5510 2810 580
1212572575 33567.3 15281.8 -1.64441 780 2740 2720 570
1212677000 33558 15174.3 -1.64315 780 2600 2630 570
1212885882 33556.6 15054.5 -1.64879 780 2520 2470 560
1212990305 33549.6 14946.9 -1.64649 800 5130 4200 560
1213094763 33542.7 14836.5 -1.64756 800 4110 3280 550
1213199205 33539.2 14719.5 -1.64767 810 4060 2220 550
1213408084 33529.3 14608.9 -1.65195 840 3870 2050 540
1213512524 33524 14499.2 -1.65196 860 3780 1980 540
1213616952 33514.5 14388.5 -1.6511 1030 3710 2880 530
1213721414 33508.9 14279.3 -1.65186 1330 3630 1810 530
1213930299 33501.6 14165.9 -1.65126 790 3470 1660 520
1214034718 33496.4 14045.9 -1.65558 790 3390 1580 510
1214139183 33487.7 13934.8 -1.65468 800 3300 1500 510
1214348064 33482.6 13824.5 -1.65655 810 3130 1350 500
1214452494 33476.1 13711.1 -1.65459 800 3050 3030 490
1214556949 33464.9 13603.5 -1.65773 800 2970 1220 490
1214661401 33461 13492.3 -1.65607 800 2880 1130 480
1214870268 33449.6 13373.9 -1.6351 810 3760 1840 480
1214974702 33448.5 13262.9 -1.60266 810 3690 2620 470
1215183616 33447.8 13108.4 -1.57633 800 3540 2460 480
1215288042 33449 13004.6 -1.58071 800 3480 2380 480
1215392468 33452.8 12893.5 -1.58031 800 7610 2300 480
1215601405 33452.7 12786.6 -1.58078 790 3240 2150 490
1215705828 33456.9 12680.7 -1.58181 790 7620 2060 490
1215810250 33457.9 12574.1 -1.58528 1310 7610 1990 490
1216019150 33458 12470.4 -1.58463 1380 3000 1840 490
1216123573 33459.8 12363.8 -1.58543 1510 3000 1760 500
1216228000 33459.1 12258.3 -1.58582 1500 3000 1680 580
1216332464 33460.4 12143.8 -1.58887 1480 2790 1610 600
1216541390 33460.3 11987.2 -1.58769 1750 2670 1460 600
1216645764 33461.1 11883.4 -1.58886 1550 2590 1400 600
1216854670 33463.4 11777.2 -1.58875 1640 2530 1270 600
1216959100 33461.6 11659.7 -1.59341 1610 2530 1210 600
1217063550 33461 11551.5 -1.59308 1580 6180 1140 600
1217272441 33460.2 11448.5 -1.59283 1520 6010 6180 600
1217376894 33462.4 11331.7 -1.59246 1500 5930 6180 600
1217481335 33457.5 11225 -1.59293 1480 5860 6180 600
1217585792 33462.2 11117.6 -1.59783 1480 5860 6180 600
1217794671 33459.3 11004.3 -1.58574 1480 5600 5690 600
1217899114 33462.8 10897.8 -1.57213 1480 5540 5620 600
1218107995 33466.1 10743.3 -1.56401 1470 5370 7590 560
1218212429 33465.5 10639.8 -1.56614 1540 5320 5370 530
1218316877 33470.6 10527.9 -1.56588 1510 5220 5290 510
1218525777 33471.6 10422 -1.56682 1570 5050 5130 520
1218630237 33479.8 10316.8 -1.57221 1570 4970 5070 520
1218734680 33481.1 10209.3 -1.56948 1560 4890 7580 530
1218943561 33483 10108.6 -1.56914 1520 4750 4830 530
1219048029 33490.6 10006.1 -1.57105 1480 4670 4750 530
1219152453 33490.7 9895.58 -1.57562 1450 4590 4690 540
1219256923 33495.9 9791.22 -1.57738 1440 4500 7590 540
1219465816 33496.3 9638.13 -1.56516 1460 4360 7590 540
1219674686 33497.6 9535.75 -1.55719 1450 4200 7590 540
1219779113 33504.2 9427.63 -1.55129 1440 4120 7600 550
1219883568 33507.9 9309.6 -1.55423 1440 4040 7600 550
1219988009 33514.1 9199.88 -1.55559 1430 3970 4070 550
1220196927 33521.6 9040.9 -1.55293 1430 3810 7610 560
1220405819 33525 8936.63 -1.55672 1420 3670 3810 570
1220510247 33532.7 8821.7 -1.55855 1420 3590 3720 570
1220614697 33534.7 8710.93 -1.55748 1420 3510 7630 580
1220719155 33543.5 8606 -1.5593 1410 3430 7630 580
1220928011 33546.5 8499.01 -1.55895 1410 3290 7640 580
1221032449 33552.2 8391.86 -1.56324 1400 3220 7640 590
1221136910 33554 8287.16 -1.56345 1400 3140 3290 590
1221345763 33560.8 8170.57 -1.56507 1400 3000 5920 600
1221450282 33561 8065.3 -1.56451 1390 2930 5920 600
1221554646 33566.9 7962.72 -1.56868 1390 2870 5810 600
1221659075 33567 7853.65 -1.56793 1380 2800 5720 600
1221867972 33570.7 7747.31 -1.56799 1370 2670 5650 600
1221972409 33577 7639.43 -1.56745 1360 2600 5650 600
1222076857 33580.3 7526.53 -1.55719 1360 2530 5090 610
1222181325 33589.4 7421.58 -1.54001 1360 2480 4990 610
1222390200 33603.7 7270.97 -1.48684 1350 2360 4820 620
1222599097 33622.7 7122.15 -1.41864 1330 4590 4660 650
1222808002 33641.1 7023.4 -1.41478 1300 4450 4570 680
1222912427 33662.5 6917.11 -1.41829 1280 4350 4410 690
1223016865 33686 6815.84 -1.41886 1270 4270 4320 710
1223121287 33702.2 6719.31 -1.41834 1250 4180 4240 730
1223330179 33720.8 6611.02 -1.41674 1240 4020 4080 760
1223434607 33741.8 6507.85 -1.42264 1220 3940 4000 770
1223539060 33756.4 6404.51 -1.42232 1210 3860 3920 790
1223747931 33773.1 6296.83 -1.42279 1180 3720 3760 810
1223852380 33792 6196.35 -1.42864 1190 3560 3680 830
1223956833 33806.7 6095.77 -1.44644 1240 3460 3510 840
1224061293 33821 5990.65 -1.47554 1240 3450 3570 850
1224270185 33832.6 5887.73 -1.51098 1230 3300 3390 870
1224374626 33838.1 5787.21 -1.5466 1210 3220 3300 870
1224479049 33845.7 5675.85 -1.58513 1180 3150 3220 870
1224687935 33846.2 5524.87 -1.63809 1110 2990 3100 870
1224792370 33839.6 5424.89 -1.65442 1110 2820 3020 860
1225001243 33834.5 5325.3 -1.65666 1140 2780 2880 850
1225105685 33828 5211.01 -1.65525 1140 2710 2810 850
1225314541 33819.6 5064.05 -1.62167 1150 2570 2680 840
1225523461 33814.7 4921.73 -1.56873 1150 2430 2540 840
1225627889 33820.6 4807.02 -1.56147 1140 2360 2540 850
1225732343 33822.8 4697.08 -1.56554 1140 2290 2540 850
1225941248 33826.5 4582.34 -1.5648 1140 2150 2380 860
1226045694 33831.4 4477.8 -1.56516 1130 2080 2380 860
1226150162 33834.6 4367.8 -1.56394 1130 2010 2170 860
1226254597 33839.8 4252.98 -1.56824 1130 1950 2090 870
1226463528 33845.5 4147.52 -1.56929 1120 1830 3260 870
1226567896 33848 4043.54 -1.56861 1120 1780 1900 870
1226672343 33852.3 3935.25 -1.56942 1120 1720 3080 870
1226881215 33855.2 3836.22 -1.57066 1110 2850 3020 880
1226985673 33856.8 3733.9 -1.57157 1110 2780 2860 880
1227090151 33863.9 3627.56 -1.57246 1110 2780 2860 880
1227194552 33862.2 3512.97 -1.57237 1100 2600 2860 890
1227403468 33866.1 3408.24 -1.57629 1100 2600 2860 890
1227612351 33864.3 3253.61 -1.57421 1100 2320 2520 900
1227716775 33863.2 3151.21 -1.57473 880 2260 2390 890
1227821218 33866.4 3039.75 -1.57528 820 2190 2390 900
1227925674 33864.6 2934.69 -1.57807 770 2120 2250 900
1228134557 33868.9 2830.84 -1.5799 620 2000 2250 910
1228239002 33868.5 2722.99 -1.57711 620 2000 2250 910
1228343435 33869.3 2616.5 -1.57847 600 1890 2250 910
1228447874 33874 2513.49 -1.57947 580 1820 2250 900
1228656735 33875.3 2399.46 -1.58211 580 1820 4730 910
1228761198 33877.2 2300.09 -1.58235 580 4580 4690 900
1228865628 33878.7 2200.5 -1.58288 610 4580 4690 910
1229074523 33880.1 2086 -1.58193 1070 4580 4690 910
1229178952 33882.2 1982.8 -1.5859 1150 3170 4690 910
1229283412 33886.1 1877.35 -1.58779 1160 3170 4690 910
1229387856 33887.7 1764.02 -1.58748 1180 3170 4690 910
1229596739 33892.9 1659.24 -1.588 1180 3170 2890 910
1229701205 33892 1558.9 -1.58681 1180 3170 2830 910
1229805630 33888.4 1447.28 -1.58982 1160 2830 2770 910
1230014491 33891 1342.85 -1.59007 1090 2700 2710 910
1230119011 33888.2 1231.97 -1.59024 1070 2700 2710 910
1230223396 33889.8 1116.71 -1.59109 1060 2700 2710 910
1230432263 33888.7 961.361 -1.59431 1070 1520 2450 910
1230536718 33888.1 855.49 -1.60588 1080 1520 1500 910
1230641185 33892.1 748.433 -1.63448 1080 1520 1460 910
1230850124 33884.5 632.455 -1.67875 1090 1270 1460 900
1230954531 33878.3 526.7 -1.73458 1100 4720 1460 890
1231058987 33861.3 423.577 -1.80379 1090 4720 1460 880
1231267903 33842.2 318.251 -1.89005 980 4720 1460 850
1231372299 33809 205.759 -1.99253 930 4720 1460 840
1231476749 33767.8 110.001 -2.09181 900 4720 1460 820
1231581221 33716.5 12.952 -2.18849 870 4720 1460 810
1231790131 33653.9 -74.0178 -2.28434 840 4720 1460 760
1231894540 33585.4 -161.355 -2.39371 830 4720 1460 740
1231998984 33516.5 -234.785 -2.49216 840 4720 3600 720
1232103432 33433.7 -302.382 -2.59028 850 4720 3500 700
1232312303 33339.2 -360.434 -2.68407 910 3570 3330 660
1232416729 33245.9 -409.867 -2.75678 950 3230 3340 640
1232521197 33144.9 -452.096 -2.8232 990 3180 3200 620
1232730177 33035.1 -491.078 -2.85955 1100 2980 3150 610
1232834549 32935.8 -526.037 -2.8951 1140 2910 2990 620
1233043443 32782.8 -563.994 -2.94522 1260 2790 2860 620
1233147855 32681.1 -587.439 -2.98293 1310 2870 3330 640
1233252289 32566.1 -610.191 -3.01663 1300 2730 2840 650
1233461149 32460.3 -624.804 -3.02952 1280 2620 2510 670
1233670030 32305.7 -651.009 -3.02022 1250 2380 3270 700
1233774434 32203 -662.968 -3.01921 1240 2390 1890 710
1233878886 32089.6 -680.878 -3.02099 1230 2170 2590 720
1233983379 31981.1 -696.981 -3.02691 1220 2170 2590 730
1234192246 31874.6 -709.489 -3.02661 1200 2000 2570 760
1234296659 31762.1 -731.795 -3.02804 1180 1650 2430 660
1234505582 31606.6 -751.616 -3.02487 1160 3370 2250 580
1234714465 31444.9 -775.359 -3.03332 1140 2010 1620 360
1234818933 31334.1 -788.495 -3.03183 1130 1460 1560 340
1235027879 31168.6 -811.325 -3.03397 1110 1310 1410 290
1235236697 31010 -831.35 -3.03759 1090 1480 1740 300
1235445570 30849.9 -853.746 -3.03828 1060 1500 2830 410
1235550041 30741.4 -868.534 -3.03949 1050 1430 2830 900
1235654469 30625 -884.307 -3.04073 920 1330 2830 690
1235863352 30518.1 -901.158 -3.04554 820 2280 1270 500
1236072253 30350.9 -915.778 -3.04193 650 1020 1630 340
1236176701 30240.7 -931.636 -3.05555 530 940 1570 330
1236281141 30118.8 -945.187 -3.08512 500 900 1480 340
1236490052 29961.5 -959.743 3.1397 470 1680 1850 500
1236594449 29851.2 -961.279 3.10058 480 1600 1250 510
1236803332 29745.2 -961.237 3.06362 550 1530 1110 450
1236907761 29631.1 -955.363 3.07276 460 7590 2070 420
1237012190 29521.7 -950.903 3.07286 360 3300 960 440
1237116634 29412.4 -946.775 3.0712 460 1490 900 440
1237325497 29296.8 -943.057 3.07129 440 1780 1230 420
1237429924 29186.9 -939.234 3.06772 650 7600 1670 700
1237638848 29018.6 -931.832 3.0678 510 7570 1520 560
1237743270 28908.1 -925.444 3.06792 490 2250 1450 530
1237847741 28792.4 -919.546 3.06702 490 2170 1360 390
1238056630 28626.4 -911.413 3.06433 640 6020 1210 370
1238265507 28516.2 -905.769 3.06413 660 5840 1070 380
1238369937 28404.4 -902.165 3.0636 680 5770 5710 420
1238474361 28282.6 -892.452 3.06415 640 5680 5620 460
1238578825 28170.8 -887.544 3.05918 560 5610 5540 420
1238787679 28002.1 -875.912 3.06761 570 5440 5400 360
1238996601 27829.9 -864.698 3.08589 550 5440 7630 370
1239205465 27714.2 -866.293 3.07892 490 7500 5030 290
1239309914 27589.4 -857.381 3.08226 610 7500 4940 270
1239414352 27472.9 -857.524 3.08031 450 7470 4850 250
1239623235 27304.7 -850.849 3.10382 560 4740 2900 340
1239727659 27193.2 -848.733 3.1304 560 4690 2820 370
1239936626 27069.3 -853.315 3.13015 640 4590 2680 550
1240041029 26958 -852.401 3.1297 610 1860 4370 400
1240145465 26842.3 -857.317 3.13002 510 2480 4280 390
1240249896 26725 -857.891 3.13022 570 7600 4200 360
1240458757 26611.7 -858.541 3.12878 880 7620 4040 330
1240563189 26496.7 -861.641 3.12652 730 1800 3960 360
1240667641 26373.8 -860.234 3.12642 850 1710 1800 470
1240876548 26261.8 -863.511 3.12492 820 1550 1660 390
1240980977 26096.4 -861.955 3.1245 710 1490 3640 360
1241189883 25983.8 -861.832 3.12264 570 1760 3480 320
1241294370 25862.6 -863.39 3.12242 580 1760 2400 330
1241398761 25745.4 -861.392 3.12157 590 1760 2340 350
1241607658 25631.4 -864.083 3.118 640 1470 3160 870
1241712084 25518 -861.819 3.11886 630 1370 2100 870
1241816526 25407.9 -861.52 3.11912 600 1900 2030 860
1241920957 25294.3 -863.256 3.11606 580 1230 2930 860
1242129844 25172.4 -861.114 3.10417 610 1230 2780 860
1242234297 25060.8 -859.447 3.09161 630 3020 2700 860
1242338717 24950.3 -855.867 3.08056 490 3020 2620 860
1242547615 24829.9 -849.998 3.06943 460 1400 2470 660
1242652042 24718.1 -842.3 3.058 470 1330 2390 660
1242756493 24603.5 -837.7 3.04534 580 2640 2310 630
1242860946 24478.5 -824.186 3.03398 600 2580 2240 630
1243069826 24364.6 -818.171 3.02973 690 7580 2070 820
1243278709 24202.8 -802.193 3.032 660 7420 1920 790
1243383138 24096.5 -789.878 3.03171 660 7420 1850 800
1243487597 23980.1 -782.628 3.03008 690 7420 1780 840
1243592047 23870.8 -771.515 3.02789 690 7420 1710 870
1243800928 23758.9 -763.618 3.02752 720 7420 1570 870
1243905381 23642.7 -755.013 3.02805 710 7420 1500 860
1244009814 23530.9 -742.923 3.02813 700 7420 1440 850
1244114245 23419.8 -737.743 3.02496 700 7420 1360 840
1244323126 23298 -724.417 3.02413 760 7420 1320 820
1244427573 23185 -716.388 3.02381 930 7420 1320 850
1244532000 23079.5 -703.055 3.02438 1240 7420 1320 810
1244740868 22958.5 -691.877 3.02365 1260 7420 1320 790
1244845392 22846.4 -681.014 3.01966 1520 7420 1320 780
1244949765 22735.2 -669.221 3.01973 1470 7420 1320 780
1245054239 22616.8 -658.908 3.01974 1450 7420 5480 770
1245263070 22509.2 -645.561 3.01883 1390 7420 5420 710
1245367526 22393.4 -634.964 3.01629 1380 7420 5420 670
1245471965 22273.8 -619.017 3.01648 1380 7420 5420 630
1245680848 22163.5 -610.813 3.01546 1330 4950 5010 620
1245785276 22053.1 -595.842 3.01587 1330 4870 4930 600
1245889754 21931.1 -585.618 3.01442 1350 4780 4850 600
1245994245 21823.2 -572.42 3.01302 1360 4710 4780 540
1246203092 21709.8 -558.825 3.01228 1370 7590 4630 470
1246307522 21584.9 -547.527 3.01134 1390 7580 4570 460
1246411951 21468.8 -533.941 3.01161 1460 7570 4490 450
1246516403 21354.5 -521.972 3.00789 1480 7560 7480 440
1246725311 21238.4 -505.35 3.00769 1590 5240 7460 420
1246829740 21126.7 -495.397 3.00804 1590 7530 7440 410
1246934171 21015.5 -480.249 3.00814 1550 5070 5100 400
1247143108 20895.9 -468.061 3.00304 1520 4900 4950 380
1247247500 20785.1 -450.27 3.00473 5140 7480 4850 360
1247351931 20673.2 -437.402 3.00411 1490 4730 3810 350
1247456401 20559 -423.202 3.00497 1480 4640 2840 340
1247665252 20448.9 -406.981 3.00212 1510 4470 2660 320
1247769719 20337 -396.76 2.99952 1530 4400 2590 310
1247874146 20214.3 -377.483 3.00052 1540 4310 2490 300
1247978604 20099 -366.266 2.99909 1550 3490 2420 290
1248187457 19992.7 -349.758 2.99989 1570 4080 2260 380
1248291907 19871.6 -335.825 2.99555 1580 4000 2180 370
1248396338 19757.9 -321.522 2.99584 1590 3930 2110 360
1248605246 19642.7 -308.317 2.99496 1610 3750 1940 340
1248709688 19521.3 -291.33 3.0003 1620 3660 1870 330
1248814160 19406.8 -278.015 3.01795 1630 3590 1790 320
1248918584 19290.7 -268.465 3.04827 1640 3480 1720 320
1249127465 19173.8 -258.399 3.08049 1640 2750 3320 310
1249231866 19047.6 -256.649 3.1067 1640 3240 3240 310
1249336318 18925.8 -255.831 3.10068 1650 3160 3150 300
1249440743 18807.4 -253.421 3.09991 1650 3080 2140 300
1249649668 18692 -251.27 3.1021 1650 2030 1970 300
1249754193 18573.5 -249.161 3.10277 1650 2810 2810 300
1249858573 18456 -248.118 3.11562 1660 2730 2730 300
1250067476 18339.6 -246.151 -3.13881 1650 2580 1640 300
1250171925 18219.8 -251.37 -3.09383 1650 4820 1560 300
1250276376 18110 -262.568 -3.07715 1640 2900 1470 310
1250380802 17995.3 -271.223 -3.08036 1630 2360 1400 320
1250589739 17875.3 -281.185 -3.07936 1620 4510 1240 320
1250694164 17760.6 -295.465 -3.08252 1260 1580 1170 330
1250798592 17650.1 -305.191 -3.08273 1240 2860 1110 340
1251007456 17530.7 -319.513 -3.09609 1190 2660 1850 350
1251111903 17424.6 -326.024 -3.12054 1000 2590 1770 360
1251216356 17310.5 -332.577 3.13511 1450 2490 1690 360
1251320783 17187.1 -335.743 3.10407 950 2430 1610 360
1251529677 17070.9 -333.66 3.08818 690 3750 1460 350
1251634150 16959.3 -328.887 3.09586 700 3680 1380 350
1251738576 16840 -330.238 3.09304 700 2130 1310 350
1251843024 16723.6 -324.869 3.09536 700 4460 1230 350
1252051912 16611.2 -323.667 3.09227 700 1900 1090 340
1252156336 16490.6 -322.471 3.08992 850 2560 1010 340
1252260768 16381.5 -316.272 3.091 650 3340 940 320
1252469617 16271 -314.612 3.09022 580 2270 4680 420
1252574126 16160.4 -310.269 3.08801 560 2190 7470 430
1252678527 16054.2 -307.858 3.08755 560 2140 4440 430
1252782955 15945.7 -309.831 3.08618 560 2050 4350 420
1252991834 15827.8 -303.666 3.08646 580 1910 4180 420
1253096279 15719.6 -302.155 3.08518 700 3880 4480 410
1253200723 15618.3 -297.028 3.08312 730 1780 4020 380
1253409596 15504.5 -293.079 3.08372 670 3640 3700 300
1253514051 15397.6 -291.372 3.0818 650 3550 3770 310
1253618528 15290.7 -286.375 3.08172 660 3480 3870 310
1253722997 15175.9 -281.652 3.09146 660 3390 7340 300
1253931844 15069.7 -279.008 3.09022 660 3230 3620 300
1254036285 14964.5 -275.578 3.0894 710 3190 3250 300
1254140721 14848.2 -270.409 3.09059 760 3070 3500 290
1254245151 14737.5 -269.285 3.08868 730 3000 3350 290
1254454034 14625.8 -264.174 3.08492 690 2830 3110 290
1254558459 14506.4 -264.08 3.08386 680 2770 2840 280
1254662991 14401.4 -259.815 3.08492 690 2670 7320 280
1254871819 14289.8 -255.24 3.08512 690 2520 2610 280
1254976246 14169.7 -253.24 3.09517 720 2470 7320 280
1255080663 14057.5 -246.734 3.0983 700 2520 5450 270
1255185119 13945.5 -246.781 3.09468 660 2450 2400 270
1255393986 13837.7 -244.64 3.09573 600 2300 7300 270
1255498438 13720.4 -241.496 3.09658 590 2090 7310 270
1255602891 13612.5 -238.579 3.09665 600 1990 3060 260
1255707335 13502.3 -237.867 3.10354 600 2070 7300 260
1255916204 13387.4 -232.975 3.13222 610 1800 4900 260
1256020630 13282.7 -235.996 -3.11659 670 1720 2780 270
1256229499 13128.4 -243.064 -3.0909 720 1570 2640 280
1256333967 13025.9 -251.24 -3.09698 700 1490 4450 280
1256542821 12914.2 -258.517 -3.09667 660 2210 7330 290
1256647252 12809.8 -264.856 -3.0977 650 2130 4370 290
1256751720 12709 -273.022 -3.09786 650 2050 4110 300
1256856185 12610.2 -276.484 -3.10091 640 1980 4030 300
1257065049 12511.2 -280.548 -3.09928 700 1820 3390 310
1257169453 12410.9 -287.082 -3.10147 1640 1750 3290 320
1257273878 12300.6 -291.361 -3.10184 1250 1680 3070 320
1257378346 12200.5 -296.928 -3.10502 720 2900 3000 320
1257587202 12100.6 -305.17 -3.10544 640 2880 2860 330
1257691626 11992.5 -307.728 -3.10355 610 2580 2770 340
1257796084 11888.8 -312.654 -3.10519 610 2590 2660 340
1258005002 11781.5 -321.605 -3.10932 600 2380 2490 350
1258109501 11665.4 -327.094 -3.1106 600 2480 3200 360
1258213886 11560 -335.381 -3.11106 660 2280 3010 360
1258318318 11458.8 -339.084 -3.10987 630 2220 2910 360
1258527206 11343.7 -342.537 -3.10833 580 2050 2800 370
1258631665 11237.2 -348.546 -3.11412 580 2100 2690 380
1258736093 11130.4 -349.611 -3.11292 570 1920 2600 380
1258945083 11013.8 -354.926 -3.11464 580 1760 2450 390
1259049450 10912.1 -359.178 -3.1135 720 1690 2500 390
1259153868 10805.3 -360.202 -3.11562 1480 1630 2270 400
1259258303 10690.8 -363.91 -3.11707 540 1680 2190 400
1259467174 10586.1 -369.224 -3.11791 480 1550 2040 410
1259571622 10482.8 -371.308 -3.11876 480 1490 7460 410
1259676044 10373.7 -376.762 -3.11918 480 1800 1900 420
1259780512 10274.1 -376.696 -3.12154 470 1710 1810 420
1259989389 10172.2 -377.278 -3.12054 1400 1570 1660 430
1260093852 10060.6 -379.341 -3.12211 1460 1490 1750 430
1260198274 9957.67 -379.717 -3.12164 1440 1420 7490 430
1260302702 9852.79 -383.658 -3.12648 800 1340 7490 430
1260511588 9747.51 -387.242 -3.12522 730 1190 7490 440
1260616053 9642.59 -385.834 -3.12308 710 1120 7490 440
1260720481 9538.61 -386.218 -3.12343 710 1070 7500 440
1260929374 9424.98 -387.88 -3.12508 710 7580 7490 450
1261033803 9320.97 -393.962 -3.1292 710 7580 7500 450
1261242680 9179.63 -396.616 -3.12755 1490 7580 6640 460
1261347132 9077.69 -399.936 -3.12621 550 7600 3300 460
1261451560 8965.72 -407.288 -3.13006 510 7540 6470 470
1261660485 8834.71 -415.183 -3.13375 480 2980 6320 470
1261869407 8738.13 -421.527 -3.1356 480 7530 2980 480
1261973811 8644.38 -424.663 -3.13448 480 6510 6070 480
1262078251 8539.3 -427.622 -3.13297 510 6440 5980 480
1262182690 8443.76 -430.97 -3.13869 1390 7610 4960 480
1262391541 8344.9 -431.84 -3.13891 1420 4710 4770 480
1262495994 8241.41 -436.472 -3.14007 1380 5980 5660 490
1262704850 8104.04 -441.348 -3.13984 1350 7610 4540 490
1262809292 8009.88 -443.195 3.13962 1340 7620 5720 490
1262913734 7913.97 -445.582 3.13819 990 5630 5640 490
1263122661 7810.41 -449.233 3.13657 1050 7620 4270 490
1263227041 7718.63 -451.57 3.13642 950 5400 5400 490
1263435921 7585.49 -461.1 3.1302 910 3920 5240 500
1263540378 7493.13 -458.971 3.13272 910 3830 5180 500
1263644806 7390.08 -462.456 3.13087 920 3750 5120 500
1263853697 7290.57 -463.304 3.1308 1530 3600 5490 500
1263958148 7194.01 -466.493 3.12624 1480 3530 3640 500
1264062575 7093.84 -469.413 3.12548 1530 3450 5320 500
1264271426 7001.95 -467.632 3.1275 1600 3320 3310 500
1264375883 6906.22 -468.521 3.12699 1550 3240 3220 500
1264480308 6807.15 -472.455 3.12537 1530 4470 3140 500
1264584738 6694.59 -473.451 3.12091 1510 3110 3070 500
1264793617 6601.61 -478.059 3.11981 1500 7630 2890 500
1265002526 6457.41 -476.301 3.12157 1440 2830 3680 500
1265106953 6361.47 -474.758 3.12116 1450 3820 2660 500
1265211405 6255.32 -476.342 3.11584 1450 3890 3520 500
1265315883 6159.79 -473.718 3.11644 1450 3740 2490 500
1265524710 6063.09 -475.727 3.11506 1450 3420 2320 500
1265629175 5967.26 -470.958 3.11701 1450 3340 2240 500
1265733595 5871.17 -468.287 3.11429 1450 3280 2160 500
1265838021 5774.16 -469.407 3.11172 1450 3190 2080 500
1266046936 5666.43 -466.293 3.11139 1450 3090 1920 490
1266151394 5570.4 -466.228 3.10275 1460 7620 1830 500
1266360235 5426.92 -463.324 3.08834 1460 2790 1680 490
1266464704 5332.46 -460.871 3.07666 1470 2540 1600 480
1266673572 5229.25 -460.357 3.06256 1480 2520 1450 480
1266777998 5135.07 -454.176 3.05094 1480 2440 1370 470
1266882428 5041.07 -446.511 3.03938 1490 2350 1290 470
1266986882 4946.32 -437.402 3.02827 1500 2290 1220 460
1267195792 4848.22 -430.255 3.01677 1520 1980 1070 440
1267300237 4748.04 -417.613 3.01936 1530 1920 990 430
1267404685 4640.59 -410.418 3.01891 1540 2050 910 420
1267509112 4545.25 -398.908 3.02767 1540 1870 850 410
1267717981 4448.51 -393.784 3.03882 1570 1690 1580 400
1267822412 4353.25 -386.144 3.03534 1580 1620 1490 390
1267926837 4249.97 -374.857 3.03568 1580 1660 1420 380
1268135762 4102.44 -369.162 3.03226 1210 1530 1260 370
1268240188 3999.67 -358.834 3.03321 1220 1360 1170 360
1268449068 3899.36 -353.939 3.02795 1240 1370 1020 350
1268553521 3803.58 -343.409 3.03071 1240 4150 930 330
1268657949 3699.35 -330.956 3.03052 1220 4060 850 330
1268866856 3600.48 -322.583 3.02994 1270 3920 710 440
1268971312 3492.73 -310.173 3.02679 1250 3830 740 430
1269075833 3391.72 -302.405 3.02764 1320 3740 660 420
1269284621 3247.07 -285.583 3.06276 1320 3600 540 400
1269493498 3100.16 -276.444 3.1284 1270 3430 1440 360
1269702380 2953.61 -278.332 -3.06149 1640 3290 3230 290
1269911238 2806.94 -300.273 -3.02919 520 1760 3080 260
1270015674 2709.32 -309.454 -3.03248 470 2360 3000 280
1270120155 2598 -324.418 -3.02898 430 2330 2920 260
1270329026 2495.38 -340.006 -3.03231 1600 7400 2760 270
1270433453 2393.63 -351.145 -3.03592 1600 7420 2680 270
1270537869 2284.34 -367.282 -3.03842 1580 7420 2610 280
1270746786 2132.56 -385.65 -3.03539 1560 6780 2460 300
1270851244 2030.08 -398.438 -3.03474 1550 6780 2380 300
1271060157 1928.95 -413.832 -3.04052 1530 6520 2220 320
1271164567 1821.56 -422.318 -3.03928 1520 6440 2150 330
1271269006 1722.32 -437.229 -3.04203 1510 6360 2080 340
1271373486 1625.73 -452.259 -3.04092 1500 6280 1990 350
1271582302 1521.08 -464.462 -3.04364 1480 7530 1850 370
1271791180 1372.67 -484.398 -3.04896 1460 7530 1710 590
1272000159 1232 -498.775 -3.04908 480 7520 1590 610
1272208998 1086.53 -513.013 -3.0486 460 7520 1470 620
1272313421 984.879 -519.547 -3.06096 470 7520 3570 630
1272417880 883.393 -532.479 -3.08769 420 7520 3570 630
1272522311 773.794 -542.895 -3.1136 1100 5380 3430 630
1272731165 674.465 -548.381 -3.13796 1080 5240 3250 640
1272835635 573.195 -553.817 3.12166 1110 5170 3160 640
1272940084 472.25 -553.456 3.09825 1410 5080 3070 640
1273044488 373.211 -550.494 3.08301 1220 5000 2980 640
1273253355 273.119 -544.911 3.08894 850 4860 2820 630
1273357806 162.013 -541.767 3.08783 810 4770 2740 630
1273462231 61.3936 -538.429 3.08664 790 4690 2670 630
1273671143 -38.4116 -537.269 3.08474 840 4530 2500 620
1273775568 -147.11 -533.826 3.0837 1430 4460 2430 590
1273880052 -245.964 -527.359 3.08403 1410 4390 2350 540
1273984453 -347.909 -527.663 3.08224 1430 4310 2260 510
1274193393 -458.152 -523.535 3.07822 1480 4150 2100 500
1274297813 -563.508 -521.557 3.07601 1650 4080 2020 500
1274506709 -713.368 -514.689 3.0778 1570 3890 1860 490
1274611151 -814.622 -507.628 3.07832 1560 3840 1780 490
1274715579 -924.619 -505.757 3.07353 1530 3780 1700 480
1274924461 -1029.77 -499.516 3.07425 1510 3590 1540 470
1275028893 -1132.32 -499.307 3.07242 1470 3560 1470 470
1275133409 -1237.76 -491.428 3.07428 1470 3490 1380 470
1275342248 -1344.64 -486.864 3.07427 1490 3270 1240 460
1275446660 -1456.92 -487.147 3.06923 1500 3210 1160 450
1275551087 -1572.56 -477.761 3.06942 1500 3220 1090 450
1275759942 -1721.12 -469.923 3.06972 1560 2990 950 440
1275864408 -1825.59 -460.929 3.06953 1720 2920 900 430
1276073317 -1984.99 -453.449 3.06953 1710 2770 2990 420
1276177737 -2093.21 -450.66 3.0682 3450 7540 7460 420
1276386612 -2201.08 -443.073 3.06792 3350 7530 7460 410
1276491052 -2314.08 -439.221 3.06747 3310 7520 3820 410
1276595475 -2415.02 -430.727 3.06866 3260 7520 3740 390
1276699926 -2523.48 -424.969 3.06779 3230 3590 3690 390
1276908804 -2649.58 -419.64 3.06691 3150 3420 7410 360
1277013239 -2759.02 -413.019 3.06547 3110 3340 3450 360
1277117719 -2870.41 -412.482 3.06454 2170 3270 7400 350
1277326651 -2986.03 -404.984 3.06625 2030 7460 7390 340
1277431076 -3091.82 -400.816 3.06528 1990 7460 7380 340
1277535441 -3199.53 -396.504 3.06489 1920 7450 7380 330
1277639902 -3320.76 -389.266 3.0801 1900 7450 7370 330
1277848784 -3431.32 -388.541 3.10837 1770 7440 7370 320
1277953193 -3531.91 -382.827 -3.13045 1810 7470 7380 320
1278057648 -3652.68 -387.429 -3.08255 1690 7470 7390 330
1278266522 -3764.05 -396.948 -3.06091 1500 7510 7410 360
1278370980 -3869.23 -409.386 -3.06873 1640 7510 7420 360
1278475405 -3982.59 -422.292 -3.06807 1530 7510 7420 370
1278579906 -4086.08 -433.272 -3.06737 1420 7510 7430 390
1278788724 -4193.62 -441.693 -3.06659 1270 7550 7450 400
1278893164 -4312.7 -459.845 -3.06961 1240 7550 7460 410
1278997626 -4418.65 -471.192 -3.07043 1210 7570 7470 420
1279102050 -4524.33 -484.157 -3.07161 1190 7580 7480 420
1279310975 -4631.39 -493.711 -3.07005 1170 7590 7500 440
1279415428 -4738.03 -500.67 -3.06926 1170 7590 7500 450
1279519854 -4849.15 -508.243 -3.07274 1140 7590 7500 450
1279728707 -4965.08 -517.109 -3.07359 1110 7610 7520 470
1279833164 -5068.43 -526.73 -3.07566 1110 7610 7530 470
1279937590 -5166.83 -537.013 -3.07737 1170 7620 7530 480
1280042031 -5280.23 -540.629 -3.07556 1110 7620 7540 490
1280250926 -5381.26 -548.816 -3.07766 1100 7640 7550 500
1280355353 -5483.34 -558.422 -3.07767 1110 7640 7560 510
1280459808 -5588.54 -565.235 -3.06506 1090 7640 7570 510
1280668660 -5733.1 -579.737 -3.04212 1010 7640 7580 530
1280877542 -5882.22 -591.741 -3.04682 940 7640 7610 550
1281086424 -6033.03 -607.005 -3.06083 1440 7640 7620 560
1281295330 -6185.34 -620.12 -3.08363 690 7640 7630 580
1281504190 -6337.33 -630.605 -3.11909 680 7640 7630 580
1281608640 -6439.51 -634.856 3.1407 620 7640 7630 590
1281817523 -6596.97 -637.117 -3.14045 600 7640 7640 590
1282026386 -6751.74 -645.586 3.13926 610 7640 7630 590
1282235259 -6900.69 -647.924 3.12548 1360 7640 7640 590
1282444166 -7052.46 -649.833 3.09002 700 7640 7630 590
1282653046 -7208.05 -643.392 3.06689 700 7640 7620 580
1282861888 -7355.15 -636.012 3.07359 710 7640 7610 570
1283070761 -7506.12 -628.215 3.07426 720 7640 7600 560
1283175188 -7659.35 -623.992 3.06885 730 7640 7600 550
1283384040 -7811.56 -614.379 3.09023 780 7640 7590 540
1283592950 -7955.89 -613.774 3.14146 840 7640 7590 540
1283801826 -8104.06 -617.489 -3.08569 730 7640 7590 550
1284010714 -8253.6 -631.228 -3.03312 720 7640 7620 560
1284219593 -8400.54 -652.066 -2.98174 770 7640 7630 590
1284428456 -8546.13 -679.091 -2.92718 1330 7640 7630 630
1284637418 -8696.04 -717.52 -2.92592 1290 7640 7630 660
1284741790 -8797.55 -737.628 -2.92562 1280 7640 7630 680
1284846211 -8904.24 -764.316 -2.92685 1260 7640 7630 700
1285055102 -9050.59 -800.222 -2.9262 1220 7640 7630 740
1285263974 -9147.72 -818.341 -2.92765 1180 7640 7630 780
1285368404 -9243.19 -842.902 -2.92997 1160 7640 7630 800
1285472855 -9350.78 -866.654 -2.93117 1140 7640 7630 820
1285577314 -9448.05 -889.244 -2.93348 1130 7640 7630 830
1285786270 -9592.22 -926.758 -2.93741 1090 7640 7630 870
1285995090 -9734.81 -956.148 -2.9348 1050 7640 7630 910
1286203955 -9831.41 -974.839 -2.93731 1020 7640 7630 940
1286308386 -9932.52 -996.863 -2.94209 1000 7640 7630 960
1286412808 -10026.5 -1015.99 -2.96242 980 7640 7630 980
1286517262 -10123 -1042.05 -2.99334 970 7640 7630 990
1286726147 -10224.7 -1055.24 -3.02398 940 7640 7630 1010
1286830573 -10320.6 -1068.77 -3.05659 930 7640 7630 1020
1286935079 -10424.7 -1080.6 -3.08875 920 7640 7630 1020
1287143909 -10529 -1088.9 -3.11632 910 7640 7630 1030
1287248334 -10621.7 -1096.78 -3.1295 910 7640 7630 1030
1287352793 -10713.3 -1095.73 -3.12888 910 7640 7630 1030
1287457220 -10813.5 -1094.92 -3.12661 910 7640 7630 1030
1287666130 -10907.5 -1096.9 -3.12823 900 7640 7630 1040
1287770554 -11003.7 -1096.37 -3.13127 900 7640 7630 1040
1287875021 -11098.9 -1099.12 -3.13375 900 7640 7630 1040
1287979434 -11195.5 -1099.17 -3.1313 900 7640 7630 1040
1288188290 -11293.3 -1098.54 -3.1298 890 7640 7630 1040
1288292746 -11391.3 -1102.91 -3.13209 890 7640 7630 1050
1288397199 -11502.9 -1105.98 -3.136 890 7640 7630 1050
1288606052 -11600.5 -1111.71 -3.13699 880 7640 7630 1050
1288710512 -11699.4 -1120.88 -3.13704 880 7640 7630 1060
1288814963 -11806.4 -1120.17 -3.13752 880 7640 7630 1060
1288919393 -11907.3 -1124.19 -3.13995 880 7640 7630 1060
1289128265 -12054 -1123.78 -3.13992 880 7640 7630 1060
1289337234 -12198.8 -1131.65 3.14029 870 7640 7630 1060
1289546068 -12339.4 -1130.84 3.13852 870 7640 7630 1070
1289650489 -12436.1 -1134.14 3.13756 870 7640 7630 1060
1289859396 -12538.7 -1136.85 3.13632 870 4360 7630 1070
1289963828 -12634.5 -1137.92 3.13552 870 4280 7630 1070
1290068250 -12733.1 -1141.39 3.13125 870 4200 7630 1070
1290277130 -12830.2 -1138.75 3.13392 870 4130 7630 1070
1290381559 -12974.3 -1140.41 3.13303 870 4130 7630 1070
1290590467 -13072.5 -1142.36 3.1316 870 4130 7630 1070
1290694891 -13169.8 -1141.27 3.12735 870 4130 7630 1070
1290799376 -13274.3 -1144.57 3.12739 870 4130 7630 1070
1291008249 -13369.7 -1143.2 3.1288 870 4130 7630 1070
1291112671 -13470.3 -1142.6 3.12834 870 4130 7630 1070
1291217096 -13580.5 -1145.92 3.12375 870 4130 7630 1070
1291321534 -13681 -1144.35 3.12425 870 4130 7630 1070
1291530391 -13822.9 -1147.41 3.1232 870 3060 7630 1060
1291739257 -13962.3 -1143.44 3.12162 870 2900 7630 1060
1291843782 -14057.4 -1142.71 3.1193 870 2900 7630 1060
1292052589 -14155.9 -1141.66 3.11859 870 2670 7630 1060
1292157033 -14257.9 -1140.59 3.11772 880 2670 7630 1060
1292261491 -14350.3 -1141.24 3.11836 880 2670 7630 1060
1292365922 -14442.3 -1137.24 3.11518 880 2670 7510 1060
1292574832 -14543.9 -1133.27 3.11532 880 7330 7350 1050
1292679253 -14639.4 -1134.07 3.11449 880 7330 7350 1050
1292783698 -14737.5 -1130.54 3.11245 890 7330 7160 1050
1292992648 -14846.2 -1131.81 3.10875 890 7330 7010 1050
1293201442 -14991.3 -1127.54 3.11148 900 7150 5330 1040
1293305898 -15134 -1126.78 3.1101 900 6750 6740 1040
1293514806 -15231.3 -1122.65 3.10614 900 6950 6580 1040
1293619235 -15327.5 -1122.34 3.10521 900 6950 6500 1030
1293723685 -15434.3 -1121.31 3.10624 910 6950 6410 1030
1293932596 -15533.8 -1115.87 3.1081 910 6700 6250 1030
1294037030 -15628.2 -1113.91 3.10601 910 6270 6590 1030
1294141575 -15731.2 -1115.13 3.10318 920 6140 6510 1030
1294245906 -15827.9 -1112.33 3.10274 920 6140 6420 1020
1294454811 -15929.7 -1110.43 3.10238 930 5860 5840 1010
1294559243 -16027.1 -1105.59 3.10111 930 5850 5750 1010
1294663719 -16117.5 -1102.06 3.10072 930 5850 5680 1010
1294768158 -16211 -1100.06 3.10463 940 5690 5580 1010
1294977003 -16313.8 -1095.88 3.11455 940 5500 5560 1000
1295081426 -16407.5 -1097.05 3.12429 940 5380 5340 1000
1295290312 -16546 -1094.66 -3.13927 930 5130 5160 1000
1295394763 -16634.8 -1096.1 -3.12812 920 5090 5070 1000
1295499191 -16727.9 -1099.86 -3.11873 920 5080 4990 1000
1295708111 -16831.4 -1102.22 -3.10632 910 2270 4810 1010
1295812582 -16926.9 -1106.46 -3.0962 900 4730 4720 1020
1295917008 -17016.9 -1109.89 -3.0824 900 4650 4630 1020
1296125880 -17117.6 -1112.84 -3.06814 890 4480 4460 1030
1296230335 -17210.2 -1121.51 -3.05896 880 4390 4370 1040
1296334800 -17308.1 -1131.89 -3.04951 870 4290 4290 1050
1296439229 -17408.4 -1146.91 -3.03921 860 4200 4200 1060
1296648151 -17501.6 -1162.91 -3.02753 830 4020 4040 1080
1296752633 -17595.4 -1171.45 -3.01402 820 3940 3960 1090
1296857012 -17697.9 -1187.95 -3.00218 810 3860 3880 1110
1297065886 -17796.2 -1203.07 -3.00774 790 3690 3730 1130
1297170347 -17892.4 -1217.5 -3.00819 780 3610 3660 1140
1297274767 -17992.4 -1235.42 -3.01275 770 3530 3570 1150
1297379206 -18083.4 -1250.94 -3.03015 750 3450 3460 1160
1297588132 -18178.2 -1262.44 -3.06055 740 3290 3300 1180
1297692554 -18271.2 -1273.83 -3.1107 730 3210 3210 1180
1297797019 -18374.5 -1279.15 3.10646 730 3130 3130 1180
1297901505 -18469.5 -1277.92 3.0294 740 3040 3050 1180
1298110324 -18562.1 -1267.04 2.94367 770 2850 2930 1150
1298214744 -18661.7 -1250.24 2.86807 800 2770 2840 1140
1298319185 -18750.5 -1225.63 2.80432 840 2690 2760 1120
1298528065 -18884.4 -1180.3 2.72759 920 2540 2630 1070
1298632494 -18976.3 -1144.7 2.68689 960 2510 2560 1040
1298841402 -19064.2 -1099.38 2.64027 1060 2330 2430 970
1299050374 -19189.9 -1034.4 2.57828 1160 2190 2300 910
1299154732 -19270.6 -986.514 2.54002 2470 2130 2250 840
1299259164 -19349.2 -936.5 2.5033 2410 2050 2970 820
1299468069 -19425.9 -875.169 2.4681 2340 1920 2030 760
1299572515 -19537 -791.9 2.40977 2320 1900 1980 720
1299781417 -19653 -699.258 2.35517 2270 1750 2560 670
1299990273 -19723.4 -629.738 2.32774 1670 2370 2420 650
1300094739 -19793.2 -563.654 2.30159 1720 2300 2320 670
1300199170 -19856.3 -490.673 2.27594 1670 2200 2600 850
1300303598 -19923.4 -417.203 2.24102 1640 2100 2170 830
1300512481 -20016.6 -310.894 2.16998 1630 1980 2060 640
1300721393 -20071.1 -238.036 2.10882 1630 1780 1860 560
1300825819 -20116.2 -158.576 2.03251 1620 1720 2180 530
1300930257 -20161.2 -70.985 1.93543 1570 1630 2140 500
1301034688 -20195.4 15.424 1.8272 1530 1560 1680 480
1301243576 -20221.9 98.9186 1.70791 1680 2130 4310 440
1301348026 -20243.3 193.87 1.63496 1670 4160 4240 430
1301452529 -20246.6 281.821 1.63008 1670 3190 4180 420
1301661422 -20258.8 382.003 1.59799 1260 3030 4020 420
1301870198 -20262.6 516.987 1.58605 1180 2870 2970 410
1301974632 -20266.6 610.615 1.57251 1100 2830 3830 400
1302079083 -20271.1 706.602 1.56042 1070 2730 2830 400
1302183506 -20268.4 809.499 1.55022 1050 3570 3680 400
1302392409 -20267.7 909.975 1.53843 1050 3390 3650 380
1302496840 -20267.8 1005.37 1.5261 1040 3320 3430 400
1302705774 -20264.6 1138 1.50715 1040 3180 3290 900
1302914650 -20260.9 1267.53 1.49085 1060 3050 3170 890
1303019108 -20255.7 1364.69 1.47809 1060 3010 3170 880
1303123537 -20250.5 1461.34 1.46562 1070 2940 3030 870
1303332445 -20243.8 1555.14 1.45276 1090 2940 2970 860
1303436866 -20228.8 1695.94 1.43594 1100 2730 2870 850
1303645757 -20213.4 1831.24 1.42049 1120 2600 2690 830
1303854631 -20194.5 1972.76 1.40232 1160 2470 2500 800
1304063545 -20183.3 2066.53 1.38875 1200 2380 2410 780
1304167979 -20165.4 2167.48 1.37783 1210 2310 2310 760
1304272428 -20152.4 2262.85 1.36507 1230 2230 2240 750
1304481339 -20128.4 2402.26 1.34982 1270 2090 2020 710
1304690209 -20101.6 2541.62 1.35231 1300 1900 1930 680
1304794658 -20081.8 2637.77 1.3553 1320 1820 1840 660
1305003580 -20063.8 2731.69 1.37848 1350 1680 1600 630
1305108035 -20041.9 2861.83 1.43836 1360 1620 1540 620
1305316924 -20025.6 2991.66 1.53292 1370 1490 1360 600
1305525790 -20026 3122.34 1.60423 1350 4850 1220 600
1305734647 -20036.5 3215.99 1.60846 1390 4750 1080 610
1305839088 -20046.5 3351.31 1.62964 1420 4680 4570 610
1306048002 -20047.5 3442.35 1.64278 1440 4460 2560 620
1306152437 -20057.5 3543.49 1.65345 1440 2370 4340 630
1306256892 -20065.9 3641.13 1.65108 1430 2290 4260 640
1306361349 -20077.1 3734.45 1.64786 1400 4400 2350 640
1306570261 -20088.7 3829.72 1.64833 1330 4250 2250 660
1306674651 -20096.5 3919.01 1.64943 1290 4190 3950 670
1306779066 -20106.8 4013.4 1.64473 1290 4110 3870 670
1306987938 -20117.7 4118.07 1.62755 1280 3960 3710 370
1307092366 -20127.8 4212.78 1.61604 1280 3900 3630 350
1307196818 -20134.8 4307.16 1.60253 1270 3820 3550 340
1307301258 -20144.6 4408.11 1.5809 1270 3760 3470 340
1307510152 -20143.4 4500.65 1.54541 1280 6470 3300 340
1307614606 -20145.1 4591.18 1.49135 1380 3320 3220 350
1307719085 -20142.2 4687.62 1.42501 1390 3220 3140 350
1307927915 -20128.1 4777.91 1.37887 1420 2990 1300 320
1308032347 -20104 4902.28 1.39944 1420 2910 1220 300
1308241238 -20083.4 5032.57 1.42791 1430 2800 2760 300
1308450128 -20071.8 5166.5 1.4834 1400 2630 2600 600
1308658994 -20063.9 5261.1 1.51228 1380 2530 2450 590
1308763430 -20063.8 5355.63 1.51974 1380 2480 2370 580
1308867904 -20062 5446.26 1.51492 1390 2410 2290 580
1308972273 -20056.9 5550.35 1.49609 1400 5230 2210 580
1309181165 -20052.9 5648.1 1.4768 1790 5100 2060 560
1309285622 -20046.1 5747.3 1.45432 1800 2080 1980 550
1309390073 -20035.8 5852.13 1.42823 1820 5010 1900 540
1309494513 -20026.3 5946.85 1.42425 1830 3050 1820 510
1309703409 -20012.9 6036.26 1.43443 1850 1690 1660 560
1309807854 -20002.4 6137.84 1.43046 1860 2790 1580 600
1309912301 -19995.7 6235.25 1.43926 1880 1540 1510 590
1310121199 -19985.6 6330.72 1.45806 1900 4410 1350 570
1310225650 -19980.1 6434.54 1.45148 2210 4300 1280 560
1310434548 -19962.4 6575.4 1.45504 2230 4160 1120 540
1310538990 -19952 6668.17 1.45404 2110 4040 1050 540
1310643435 -19944.7 6762.56 1.45584 2250 3950 990 520
1310852291 -19931.8 6860.37 1.47104 2270 3780 850 500
1311061186 -19922.4 6995.29 1.51571 2050 3620 1790 490
1311165635 -19917.9 7137.39 1.5212 2270 3550 1710 490
1311374527 -19918.1 7283.98 1.51873 1970 3400 1560 490
1311583442 -19909.8 7391.56 1.51899 1980 3240 1400 450
1311687857 -19912.1 7495.6 1.51751 1980 3150 1320 390
1311792289 -19909.3 7594.46 1.51531 1980 3070 1250 360
1311896755 -19904.5 7686.76 1.51694 1990 3000 1160 360
1312105645 -19901 7781.49 1.51515 1990 2840 1000 360
1312210187 -19894.5 7887.78 1.51492 2000 2760 930 350
1312314535 -19894.5 7982.43 1.51319 2000 2680 850 350
1312523426 -19892.1 8075.1 1.52728 2010 2530 2460 340
1312627907 -19886.5 8176.59 1.55926 2010 2430 2380 340
1312732270 -19886.2 8269.67 1.60054 2000 2360 2300 340
1312836699 -19891.1 8362.6 1.65604 2000 3320 2220 340
1313045622 -19898.4 8454.14 1.72643 1980 3180 2080 370
1313150068 -19914.4 8547.48 1.81786 1970 3100 2010 400
1313254470 -19938.8 8633.26 1.92027 1950 3040 1950 420
1313463408 -19965.5 8717.7 2.04705 1900 2610 2730 1910
1313567833 -20005.6 8795.23 2.17432 1880 2530 2630 1100
1313672273 -20052.2 8864.15 2.31574 1850 2460 2560 1080
1313776708 -20114.2 8927.46 2.47287 1860 2390 2500 1730
1313985577 -20182.2 8980.44 2.61832 3340 1700 2100 1740
1314090057 -20252 9021.93 2.76279 3330 1600 1710 1740
1314194455 -20340.2 9054.17 2.90013 3310 1550 1620 1800
1314298934 -20426.4 9074.46 3.02438 3290 1460 1540 3320
1314507787 -20510.3 9080.56 -3.1247 3240 1300 1380 3220
1314612239 -20598.5 9081.03 -2.9732 3230 1240 1300 2250
1314716684 -20681.3 9067.56 -2.83368 3500 1180 1200 2200
1314925557 -20763.6 9043.89 -2.69972 3480 1070 1050 1750
1315030053 -20849.3 9000.09 -2.57578 3470 1020 1000 1520
1315134465 -20922 8949.59 -2.47699 3460 980 930 1670
1315238999 -20989.7 8893.11 -2.37512 3450 2840 890 1550
1315447821 -21057.3 8826.8 -2.26142 3410 2690 2770 810
1315552242 -21112.6 8751.45 -2.15991 3390 2620 2690 760
1315656724 -21163.9 8679.82 -2.058 3370 2540 2600 700
1315865559 -21205.2 8591.4 -1.95264 1800 2390 2430 620
1315970044 -21245.1 8486.15 -1.82747 1790 2310 2320 590
1316074439 -21268.1 8384.45 -1.71732 1800 2260 2240 570
1316283345 -21282.7 8290.02 -1.62155 1790 2150 2130 550
1316492226 -21287.9 8138.02 -1.51524 1790 2680 2010 560
1316596671 -21275.2 8038.07 -1.48208 1780 2610 1960 570
1316701113 -21272.3 7930.81 -1.45554 1770 2550 1910 580
1316805561 -21251.2 7820.02 -1.46624 1760 2480 2490 590
1317014444 -21236.7 7705.28 -1.46516 1730 2320 2320 610
1317118876 -21221.7 7606.82 -1.46627 1730 2260 2240 620
1317223357 -21201.8 7499.98 -1.46728 1700 3290 2270 630
1317432181 -21191.2 7359.23 -1.46785 1760 3110 2180 660
1317536665 -21185.2 7264.3 -1.46726 1740 3030 3020 980
1317745464 -21173 7152.67 -1.46923 1770 2890 2870 990
1317849918 -21159.6 7035.31 -1.4597 1770 2830 1860 1000
1317954372 -21140.8 6929.3 -1.44231 1750 2750 1790 1010
1318058809 -21126.4 6825.15 -1.42552 1740 2680 1700 1030
1318267694 -21105.5 6717.94 -1.41031 1720 2540 1550 900
1318372161 -21086.8 6610.58 -1.39632 1700 2470 1490 860
1318476588 -21066.3 6512.03 -1.38258 1690 2390 2310 840
1318685506 -21042.5 6408.86 -1.3668 1660 2270 2380 830
1318789897 -21022.1 6311.81 -1.36172 1640 2270 3480 840
1318894321 -20999.3 6212.44 -1.36366 1620 2150 2250 860
1318998756 -20975.8 6104.86 -1.36484 1600 2060 3320 880
1319207645 -20953.6 6002.24 -1.3662 1520 1940 3180 910
1319312076 -20933.2 5903.01 -1.36783 1500 1940 3100 930
1319416513 -20909.2 5800.07 -1.36809 1420 1940 3020 720
1319625411 -20878.5 5648.3 -1.36615 1380 2140 2880 660
1319729829 -20856.5 5544.75 -1.369 1360 4270 2810 650
1319938709 -20832.9 5442.39 -1.37107 1330 4270 2670 650
1320043137 -20807.3 5332.45 -1.37404 1310 4270 2600 670
1320147600 -20781.2 5230.85 -1.37238 1300 4270 2530 680
1320356566 -20766 5126.82 -1.36902 1260 4270 2390 730
1320460928 -20740.9 5018.61 -1.38213 1030 4270 2340 840
1320565354 -20719.2 4910.53 -1.40934 950 4270 2260 850
1320669792 -20703.3 4809.39 -1.44961 900 4270 2210 860
1320878720 -20685 4677.7 -1.52056 850 4270 6490 870
1320983113 -20682.6 4575.5 -1.55378 840 4270 6410 880
1321191983 -20680.8 4475.83 -1.53642 850 7510 1840 830
1321296408 -20673 4373.12 -1.54147 840 7420 2930 810
1321400862 -20670.7 4277.23 -1.54131 820 7330 1710 790
1321505335 -20660.6 4177.39 -1.54374 820 7260 2780 770
1321714223 -20660.7 4083.7 -1.54216 820 3790 2640 790
1321923095 -20650.9 3938.16 -1.54497 870 6920 5720 800
1322027527 -20647.4 3836.93 -1.54477 1160 6820 5630 800
1322131949 -20639.6 3734.11 -1.54973 1160 3390 3460 790
1322340839 -20629 3589.49 -1.54842 1150 6500 2190 880
1322445269 -20625.8 3490.46 -1.54675 1150 6500 5040 910
1322654165 -20618.8 3390.94 -1.54879 1150 6300 4700 920
1322758632 -20614.7 3281.5 -1.55195 1140 6300 4620 930
1322863050 -20610.2 3180.97 -1.55405 1140 2860 4520 930
1322967474 -20605.7 3084.61 -1.55201 1140 6020 4450 880
1323176360 -20605.2 2977.88 -1.55017 1140 5850 4310 830
1323280823 -20599.8 2880.69 -1.5521 1130 2550 4220 820
1323385255 -20594.2 2780.58 -1.55661 1130 2480 4130 830
1323594202 -20589.7 2671.29 -1.55685 1130 5510 3980 840
1323698595 -20583.3 2568.15 -1.55755 1130 2290 3900 840
1323803054 -20582.8 2471.75 -1.55541 1120 5340 3830 840
1323907508 -20578.3 2365.99 -1.55799 1120 5240 3740 840
1324116396 -20573.7 2265.17 -1.55976 1120 5090 3590 840
1324220791 -20570.9 2165.92 -1.56057 1120 5020 3510 850
1324325257 -20567.2 2061.22 -1.56165 1110 4880 3440 850
1324429688 -20562.5 1968.2 -1.55994 1110 2320 3360 850
1324638584 -20562 1867.2 -1.56211 1110 4620 3220 850
1324743062 -20558.8 1760.84 -1.56373 1110 4540 3150 850
1324847463 -20555.2 1655.87 -1.56466 1110 1870 3070 850
1325056340 -20554 1556.64 -1.56481 1100 4280 2930 840
1325160799 -20547.4 1458.63 -1.56771 1100 4190 2860 840
1325265240 -20548.5 1351.95 -1.56665 1100 4110 2800 840
1325369694 -20545.6 1255.05 -1.56728 1100 4020 2730 840
1325578561 -20542.2 1158.47 -1.56912 1100 3850 2990 840
1325683009 -20540.9 1054.15 -1.56981 1100 3770 2910 840
1325787446 -20535.4 956.066 -1.57436 1020 3680 2830 840
1325891905 -20533.1 860.968 -1.57282 650 3600 2750 840
1326100726 -20529.4 756.166 -1.57292 590 3430 2610 840
1326205176 -20525.4 657.445 -1.57387 580 3350 2540 850
1326309616 -20528.8 563.011 -1.57609 560 3270 2460 860
1326518511 -20528.1 460.985 -1.57898 580 3100 3150 880
1326622969 -20528.3 364.433 -1.57766 590 3020 3070 920
1326727430 -20529.2 262.384 -1.57639 590 2940 2180 1480
1326831852 -20527.6 152.161 -1.57815 600 2860 2090 1480
1327040730 -20523.7 50.687 -1.5743 610 2690 2730 1480
1327145177 -20525 -44.5437 -1.55245 600 2600 2650 1480
1327249650 -20514.7 -142.405 -1.51773 620 2520 2560 1480
1327458544 -20508.5 -279.067 -1.43101 680 2370 2400 1350
1327563002 -20491.8 -376.436 -1.36249 700 2290 2310 1510
1327771851 -20459.9 -516.34 -1.22507 1030 2150 2150 1580
1327980736 -20427.4 -590.473 -1.12146 1010 2040 2020 1460
1328085161 -20390.4 -658.422 -1.00536 990 2040 1950 1430
1328189625 -20339.6 -733.797 -0.885644 950 2040 1900 1430
1328294082 -20285.1 -797.003 -0.791336 920 2040 1870 1460
1328503035 -20186.2 -887.686 -0.689577 1070 2040 1870 1800
1328711888 -20099.9 -949.594 -0.701929 810 2040 2050 1700
1328816317 -20025.8 -1012.31 -0.700158 770 2040 2050 1630
1328920765 -19950.9 -1073.49 -0.696328 750 2040 2050 1590
1329129657 -19865.7 -1137.78 -0.697816 750 2040 2050 1480
1329234128 -19791.2 -1203.18 -0.701155 1140 2040 2050 1430
1329338582 -19713.2 -1262.56 -0.704189 1190 2040 2050 1380
1329442984 -19626.2 -1325.6 -0.690943 1190 2040 2050 1320
1329651907 -19550.6 -1388.32 -0.663239 1190 3320 2050 1210
1329756296 -19477.4 -1443.83 -0.621649 1190 3150 2050 1160
1329860747 -19400.1 -1500.23 -0.564105 970 3070 2050 1110
1330069644 -19284.9 -1567.07 -0.454928 1040 2920 2050 1010
1330174096 -19207.9 -1603.68 -0.365353 1040 2920 2050 970
1330382994 -19129 -1632.19 -0.258574 1050 2920 2050 910
1330487449 -19044.9 -1648.85 -0.151711 1050 2920 2050 890
1330696327 -18898 -1657.96 -0.148288 1070 2920 2050 860
1330800781 -18810.3 -1673.67 -0.146181 1080 2920 2050 850
1330905205 -18719.4 -1680.27 -0.144036 1090 2920 2320 830
1331114167 -18621.8 -1692.55 -0.144724 1110 2920 2150 810
1331218551 -18524.8 -1701.88 -0.149129 1120 2920 2080 800
1331322972 -18427.6 -1715.91 -0.147522 1140 2920 2000 790
1331531850 -18322.4 -1724.13 -0.147117 1160 2920 1860 760
1331636278 -18230.2 -1735.64 -0.128538 1170 2920 1860 750
1331740731 -18135.4 -1744.99 -0.0971048 1170 2920 1860 740
1331845157 -18029 -1748.23 -0.0525783 1180 2920 1860 730
1332054063 -17929.1 -1751.48 -0.0317587 1180 2920 1860 730
1332158523 -17824.4 -1746.96 -0.0410635 1190 2920 1860 720
1332263007 -17719.5 -1750.39 -0.0365204 1190 2920 1860 720
1332367404 -17616.1 -1747.8 -0.0377892 1190 2920 1860 720
1332576287 -17514.5 -1747.71 -0.0384228 1190 2920 1860 720
1332680714 -17400.9 -1744.41 -0.0442633 1190 2920 1860 720
1332785167 -17298.1 -1745.43 -0.0439409 1200 2920 1860 720
1332994030 -17195.9 -1743.74 -0.0443621 1200 2920 1860 720
1333098468 -17084.2 -1748.39 -0.0430334 1200 2920 1860 720
1333202964 -16981.8 -1751.97 -0.0440062 1200 2920 1860 720
1333307358 -16878.3 -1753.44 -0.0469654 1210 2920 1860 710
1333516245 -16765.7 -1762.04 -0.0460658 1210 2920 1860 710
1333620692 -16660.9 -1760.79 -0.0480813 1220 2920 1860 720
1333829575 -16510.2 -1761.49 -0.0526241 1220 2920 1860 710
1333934037 -16413.2 -1766.12 -0.0513275 1220 2920 1860 720
1334038472 -16307.7 -1765.86 -0.0535464 1230 2920 1860 720
1334247367 -16209 -1774.23 -0.0527921 1230 2920 1860 710
1334351794 -16109.5 -1777.65 -0.0562608 1230 2920 1860 710
1334456227 -16008.7 -1787.18 -0.0550144 1240 2920 1860 700
1334665098 -15914 -1794.22 -0.0540096 1250 2920 1860 700
1334769525 -15823.8 -1797.94 -0.0551541 1250 2920 1860 690
1334873967 -15723.1 -1803.69 -0.0564388 1250 2920 1860 690
1334978422 -15627.7 -1806.51 -0.0614197 1260 2920 1860 680
1335187282 -15530.2 -1812.96 -0.0597435 1260 2920 1860 680
1335291745 -15430.4 -1818.08 -0.0588778 1270 2920 1860 670
1335396205 -15325.4 -1825.11 -0.0589652 1270 2920 1860 670
1335500635 -15224.1 -1825.92 -0.063208 1280 2920 1860 660
1335709533 -15120.8 -1828.44 -0.0634515 770 2920 1860 650
1335813999 -15012 -1825.77 -0.064318 750 2920 1860 650
1335918428 -14915.2 -1827.97 -0.0540005 1290 2920 1860 650
1336127337 -14809.1 -1830.11 -0.0260362 1300 2920 1860 640
1336231783 -14711 -1826.72 0.01248 1290 2920 1860 640
1336336216 -14611.6 -1822.89 0.0589238 1290 2920 1860 650
1336440637 -14508.1 -1810.3 0.0951749 1280 2920 1860 650
1336649575 -14410.9 -1790.77 0.0915089 1260 2920 1860 680
1336753953 -14317.5 -1782.95 0.0940291 1250 2920 1860 690
1336858405 -14222.7 -1772.13 0.0918589 1240 2920 1860 690
1336962836 -14118.3 -1763.29 0.0924612 1240 2920 1860 700
1337171812 -14025.7 -1754.68 0.0992379 1220 2920 1860 720
1337276197 -13934.6 -1743.49 0.119445 1210 2920 1860 730
1337380645 -13836.4 -1733.99 0.14697 1190 2920 1860 750
1337589517 -13742.3 -1718.18 0.151523 1170 2920 1860 770
1337693957 -13645 -1700.49 0.145868 1150 2920 1860 790
1337798383 -13542.5 -1683.79 0.146356 1140 2920 1860 800
1337902815 -13449.4 -1666.93 0.144538 1130 2920 1860 820
1338111668 -13354.4 -1650.93 0.147293 1100 2920 1860 840
1338216156 -13254.8 -1636.93 0.145071 1090 2920 1860 860
1338320632 -13145.9 -1618.9 0.142518 1070 2920 1860 870
1338425041 -13042.1 -1601.41 0.142425 1060 2920 1860 880
1338633912 -12944.8 -1585.12 0.141234 1030 2920 1860 910
1338738339 -12841.4 -1562.88 0.13838 1020 2920 1860 920
1338842766 -12743.9 -1553.94 0.140543 1010 2920 1860 940
1339051688 -12647.1 -1537.09 0.139682 980 2920 1860 960
1339156131 -12540.7 -1521.75 0.137993 970 2920 1860 980
1339260585 -12441.8 -1506.13 0.136694 960 2920 1860 990
1339365010 -12341.2 -1489.48 0.1333 940 2920 1860 1000
1339573892 -12237.6 -1476.17 0.136233 920 2920 1860 1030
1339678321 -12142.9 -1460.23 0.136083 910 2920 1860 1040
1339782751 -12041.4 -1442.91 0.133481 890 2920 1860 1050
1339991645 -11935.9 -1425.63 0.13148 870 2920 1860 1080
1340096069 -11845.6 -1410.76 0.1293 850 2920 1860 1090
1340304966 -11710.8 -1389.8 0.1322 830 2920 1860 1120
1340409404 -11614.8 -1373.11 0.13067 820 2920 1860 1130
1340514313 -11506.6 -1355.83 0.117978 800 2920 1860 1140
1340722710 -11404.6 -1338.87 0.090892 780 2920 1860 1160
1340827171 -11306.7 -1326.21 0.0503796 770 2920 1860 1170
1340931628 -11181.7 -1318.79 -0.0123168 770 2920 1860 1170
1341140850 -11081.4 -1318.26 -0.0347552 770 2920 1860 1170
1341244945 -10978.1 -1321.28 -0.0230098 770 2920 1860 1170
1341349413 -10875.1 -1320.51 -0.0251941 770 2920 1860 1170
1341558253 -10776.9 -1320.51 -0.0258295 770 2920 1860 1170
1341662686 -10680.6 -1320.08 -0.0276631 770 2920 1860 1170
1341767207 -10584.7 -1322.26 -0.0269299 770 2920 1860 1170
1341871574 -10487.7 -1323.09 -0.0289298 780 2920 1860 1160
1342080465 -10379.4 -1324.1 -0.029921 780 2920 1860 1160
1342184942 -10286.3 -1325.02 -0.0336827 780 2920 1860 1160
1342289373 -10191.1 -1323.49 -0.0345108 780 2920 1860 1160
1342393818 -10095.5 -1326.73 -0.0327285 780 2920 1860 1160
1342602684 -9984.93 -1327.43 -0.033226 790 2920 1860 1160
1342707153 -9881.78 -1323.02 -0.0366738 790 2920 1860 1160
1342811640 -9784.2 -1328.23 -0.0379857 790 2920 1860 1150
1343020470 -9676.07 -1331 -0.0377282 790 2920 1860 1150
1343124920 -9583.35 -1333.95 -0.0369932 790 2920 1860 1150
1343229401 -9485.58 -1335.72 -0.0380274 800 2920 1860 1150
1343333775 -9384.92 -1336.06 -0.0415202 800 2920 1860 1140
1343542653 -9293.82 -1340.38 -0.04076 800 2920 1860 1140
1343647142 -9201.58 -1340.57 -0.0427946 810 2920 3260 1140
1343751510 -9102.68 -1340.35 -0.0421484 810 2920 3260 1130
1343855961 -9009.28 -1344.2 -0.044745 810 2920 3140 1130
1344064835 -8916.09 -1346.39 -0.0457877 820 2920 2950 1130
1344169286 -8809.34 -1346.6 -0.0477595 820 2920 2860 1130
1344273728 -8713.28 -1352.83 -0.0456447 820 2920 2750 1120
1344482621 -8607.72 -1351.19 -0.0508667 830 2920 2590 1120
1344587054 -8517.2 -1355.66 -0.0491687 830 2920 2490 1120
1344691462 -8423.58 -1359.05 -0.0486858 830 7420 2420 1110
1344795906 -8318.49 -1358.73 -0.0506777 830 7310 2350 500
1345004764 -8219.72 -1364.61 -0.0540483 840 7170 2170 490
1345109214 -8122.98 -1365.37 -0.0554803 840 7090 2090 490
1345213654 -8026.07 -1371.99 -0.0528485 840 7020 2020 490
1345422548 -7932.59 -1375.42 -0.0530892 850 6850 1850 500
1345527057 -7837.69 -1380.3 -0.0555732 860 6780 1780 480
1345631438 -7735.07 -1384.6 -0.058669 860 6700 1690 480
1345735879 -7640.99 -1389.62 -0.0578652 860 6620 1610 490
1345944768 -7523.05 -1393.14 -0.0582565 870 6470 6500 470
1346049237 -7418.78 -1400.02 -0.0566324 870 3940 6430 470
1346258129 -7323.16 -1403.81 -0.0609074 880 3770 6280 470
1346362585 -7227.63 -1406.63 -0.0542209 880 3770 6200 460
1346467016 -7129.57 -1413.02 -0.0285883 880 3630 7580 460
1346571444 -7037.77 -1412.35 0.00568811 880 3520 3610 360
1346780316 -6953.43 -1412.94 0.039556 880 3370 3440 780
1346884743 -6850.03 -1405.57 0.0338641 870 3300 3380 360
1346989759 -6757.93 -1403.51 0.0346039 870 3210 3280 350
1347093677 -6664.98 -1398.99 0.0345031 860 3140 3230 370
1347302588 -6567.2 -1391.13 0.0325251 860 3000 7430 360
1347407022 -6477.58 -1384.67 0.0292168 850 2890 7430 380
1347511450 -6381.55 -1382.91 0.032323 850 2820 7430 490
1347720322 -6279.94 -1376.6 0.030459 840 2670 6230 1140
1347824791 -6179.58 -1370.12 0.0287076 840 2580 2670 890
1347929216 -6082.76 -1364.63 0.0246882 830 2500 2670 960
1348033661 -5975.89 -1359.53 0.0246354 830 2440 5000 700
1348242538 -5881.29 -1361.56 0.028605 820 2260 2380 760
1348346956 -5785.9 -1359.43 0.0275285 820 2190 2380 770
1348451407 -5684.59 -1353.58 0.0257081 820 2110 2230 780
1348660267 -5588.51 -1350.62 0.02284 810 1960 4630 780
1348764721 -5495.25 -1347.22 0.0220355 810 1880 1990 780
1348869149 -5399.47 -1346.31 0.0239352 810 1810 5190 790
1348973628 -5307.4 -1345.48 0.0299738 800 1730 4330 800
1349182498 -5213.54 -1342.99 0.0488959 800 1610 4330 780
1349287017 -5115.34 -1338.86 0.0857022 790 1550 6430 790
1349391410 -5027.35 -1332.25 0.132273 780 1460 6330 810
1349495855 -4940.45 -1316.93 0.190551 770 1390 6250 850
1349704749 -4854.72 -1302.6 0.209923 740 1240 6070 880
1349809202 -4762.12 -1276.32 0.202017 720 1170 2050 910
1349913630 -4669.93 -1257.61 0.193701 700 1100 5900 1080
1350018072 -4580.16 -1235.83 0.165642 680 1050 5820 1110
1350226968 -4486.93 -1217.8 0.123398 650 1660 5080 1300
1350331396 -4394.94 -1206.5 0.0705611 640 5540 5000 1320
1350435905 -4298.42 -1200.15 0.0134833 640 5450 4920 2540
1350644707 -4195.98 -1195.37 -0.0319318 640 4770 4760 2550
1350749181 -4101.65 -1199.82 -0.0216886 640 4690 4680 2560
1350853610 -4008.41 -1200.58 -0.0198614 640 4620 4600 2580
1351062521 -3894.87 -1198.02 -0.000664033 620 4970 4170 2610
1351166985 -3803.8 -1197.97 -0.000191221 620 4910 4370 2630
1351271403 -3699.15 -1197.58 -0.00267169 620 3010 3090 2660
1351480299 -3603.48 -1195.58 -0.00213155 620 2840 4130 2680
1351584706 -3510.13 -1196.94 -0.00312697 620 4560 4060 2680
1351689135 -3405.84 -1191.89 -0.00489422 620 2670 2780 2680
1351793578 -3316.72 -1195.07 -0.0058554 620 4410 3890 2680
1352002462 -3226.25 -1194.29 -0.00506424 620 4260 3470 2680
1352106928 -3122.2 -1194.83 -0.00530192 620 2370 3670 2680
1352211428 -3021.67 -1197.31 -0.00433871 620 2270 2390 1760
1352420314 -2928.87 -1196.41 -0.00877338 630 2110 2230 1670
1352524692 -2833.75 -1198.08 -0.00631248 630 2030 3100 1630
1352629135 -2734.5 -1194.27 -0.00517024 640 2930 3280 1630
1352733560 -2642.92 -1192.7 -0.00722714 640 3670 2920 1600
1352942461 -2543.69 -1191.1 -0.00877623 630 1750 2780 1440
1353151388 -2403.31 -1188.27 -0.0108046 630 3330 2910 1380
1353360250 -2264.67 -1191.27 -0.0074041 630 1460 2770 1340
1353464679 -2172.44 -1192.19 -0.00788319 630 3100 2390 1320
1353673537 -2022.1 -1190.15 -0.0165411 640 2940 2570 1310
1353882457 -1889.14 -1192.65 -0.0142158 640 2790 2430 1310
1354091364 -1756.87 -1192.76 -0.0150089 640 2640 2330 1300
1354195865 -1664.45 -1193.83 -0.0168525 640 2560 2250 1380
1354300263 -1562.06 -1189.55 -0.0200179 640 2490 2200 1370
1354404688 -1468.34 -1192.7 -0.0188966 640 2400 2520 1480
1354613569 -1377.24 -1192.44 -0.0197377 650 2260 2380 1420
1354822444 -1242.45 -1195.99 -0.0225535 650 2110 3540 1380
1354926865 -1154.55 -1196.38 -0.0231942 650 2040 2200 1320
1355031339 -1057.38 -1195.5 -0.0240857 650 1970 3060 1300
1355135750 -967.763 -1198.72 -0.0235829 640 1900 2000 1320
1355344678 -878.964 -1196.49 -0.0256258 720 1760 1880 720
1355449049 -786.494 -1196.58 -0.0275621 760 1700 1830 680
1355553510 -696.557 -1200.27 -0.022001 770 1630 2940 670
1355657936 -609.383 -1201.24 -0.0081958 770 1570 1700 670
1355866857 -513.294 -1200.57 0.0188008 770 3670 2420 1150
1356075760 -392.694 -1195.12 0.0134483 770 1350 2210 1070
1356284645 -313.479 -1191.79 0.0147603 770 1280 2100 1030
1356389060 -265.791 -1194.23 0.0200375 770 1230 2060 1020
1356597950 -270.201 -1194.88 0.0149574 770 3320 2010 920
1356806819 -268.017 -1194.64 0.0150502 770 3330 2020 990
1357015724 -267.792 -1194.79 0.0154137 770 3320 2020 990
1357224578 -267.889 -1195.01 0.0154505 770 3330 2020 990
1357433455 -267.929 -1195.25 0.0157039 770 3320 2020 990
1357642335 -268.029 -1195.44 0.0157102 770 3330 2020 990
1357851205 -268.043 -1195.37 0.0156375 770 3320 2020 990
1358060150 -267.947 -1195.37 0.0156948 770 3320 2020 990
