1126720387 -3.66552 -2.39187 -0.0882238 450 890 3220 1270
1126929281 14.146 -0.798934 -0.108777 450 890 3210 1270
1127138177 71.0326 -5.23043 -0.139404 450 890 3200 1260
1127347041 173.083 -20.2455 -0.145514 450 3060 3130 1250
1127555912 308.664 -38.7469 -0.13541 460 2970 3030 1230
1127764793 422.463 -56.1877 -0.126598 470 2810 2890 1220
1127869220 524.577 -67.5306 -0.118873 470 2730 2810 1230
1127973649 624.408 -78.3106 -0.130361 470 2650 2710 1250
1128078093 743.274 -99.0158 -0.131257 480 2550 2640 1570
1128287012 854.01 -113.055 -0.131026 340 2390 2490 1560
1128391448 965.298 -128.928 -0.134003 300 2310 2400 1560
1128495884 1102.06 -142.635 -0.138154 300 2230 2310 1560
1128704771 1210.95 -158.052 -0.142532 300 2060 2160 1550
1128809227 1315.18 -175.932 -0.14484 300 1100 2160 1550
1128913654 1421.58 -191.731 -0.149033 300 1030 2010 1540
1129122565 1534.79 -208.221 -0.149007 310 910 1880 1540
1129331439 1684.99 -229.499 -0.14976 310 1600 1720 1530
1129435885 1834.31 -249.381 -0.149363 310 1530 1660 1530
1129644780 1937.09 -265.467 -0.155573 320 1400 1510 1510
1129749205 2040.69 -276.537 -0.15369 320 1330 1520 1550
1129853635 2156.27 -295.691 -0.15271 340 1250 1450 350
1130062545 2259.36 -306.975 -0.15154 400 1140 7620 1460
1130167028 2413.69 -326.59 -0.156827 430 1090 7620 1470
1130375840 2521.51 -346.344 -0.156807 500 990 3910 1100
1130480294 2640.92 -365.505 -0.159406 560 7640 3910 1060
1130584760 2747.92 -389.939 -0.16156 590 7640 3730 1070
1130793637 2852.71 -401.974 -0.164795 600 7640 3590 1110
1130898082 2950.78 -417.225 -0.164389 600 7640 3500 1090
1131002554 3056.95 -439.453 -0.167322 600 7640 3430 1060
1131106979 3162.63 -457.304 -0.167092 550 7640 3350 1050
1131315894 3263.08 -474.547 -0.168145 490 7550 3350 1050
1131420287 3373.91 -498.965 -0.173883 490 7570 5240 1060
1131629144 3521.22 -527.841 -0.175161 510 7570 5200 1060
1131733595 3619.04 -549.663 -0.177004 520 7580 5200 1010
1131838023 3726.28 -566.647 -0.175643 520 7580 2840 1010
1132046938 3869.99 -643.752 -0.17331 530 7590 4880 1420
1132151385 3974.01 -596.95 -0.141302 530 7590 4790 1420
1132360244 4119.48 -610.56 -0.109251 540 7590 4640 1410
1132464695 4248.07 -662.1 -0.0978493 530 7590 4550 1420
1132569129 4356.41 -644.582 -0.0734484 530 7580 4550 1420
1132778028 4459.49 -643.686 -0.0684215 520 7580 4400 1420
1132882470 4588.32 -690.667 -0.0818794 520 7570 4260 1430
1132986937 4705.5 -723.38 -0.0830421 520 7570 4260 1430
1133195818 4836.92 -719.824 -0.0817697 510 7560 4260 1440
1133300245 4943.41 -731.474 -0.0810832 510 7560 4260 1440
1133404673 5048.3 -778.382 -0.0945011 500 7550 4260 1440
1133509127 5156.65 -812.53 -0.0986268 500 7550 4260 1450
1133718010 5254.58 -827.398 -0.101517 490 7550 4260 1450
1133822450 5362.78 -846.247 -0.101405 500 7550 4260 1460
1133926968 5464.48 -865.073 -0.105607 490 7540 4260 1460
1134031372 5564.31 -872.078 -0.108839 490 7530 4260 1460
1134240234 5679.54 -922.696 -0.113278 480 7530 4260 1470
1134344681 5784.6 -956.494 -0.118803 480 7530 4260 1470
1134449132 5888.25 -964.538 -0.115825 480 7520 4260 1480
1134658002 6004.07 -990.015 -0.122598 470 7520 4790 1480
1134762431 6109.57 -1009.71 -0.124697 470 7520 4790 1480
1134866855 6217.54 -1020.3 -0.124865 460 7510 4790 1500
1134971285 6326.35 -1047.96 -0.127359 460 7520 4790 1480
1135180191 6434.9 -1074.31 -0.131731 460 7510 4250 1680
1135284673 6545.98 -1077.01 -0.13233 460 7510 4250 1680
1135389060 6649.68 -1093.47 -0.133946 450 7500 4180 1660
1135597959 6757.5 -1116.15 -0.13651 450 7500 4110 1430
1135702382 6856.56 -1140.88 -0.13773 440 7500 3890 1580
1135806836 6965.76 -1156.66 -0.143254 440 7490 3800 690
1135911289 7079.68 -1173.2 -0.140995 440 7490 3610 640
1136120207 7183.13 -1184.17 -0.140644 440 7490 3450 1030
1136224700 7300.12 -1195.75 -0.142867 430 7480 3370 990
1136329068 7404.34 -1216.53 -0.145589 430 7480 3200 980
1136433535 7515.61 -1234.4 -0.148745 430 7490 3170 970
1136642422 7632.37 -1248.65 -0.146058 430 4200 2980 1460
1136746887 7744.18 -1244.97 -0.145928 430 4140 2920 780
1136851277 7843.25 -1263.45 -0.146663 430 7480 2820 1450
1136955747 7959.79 -1266.62 -0.148704 430 7480 2750 640
1137164631 8074.73 -1278.1 -0.147782 420 7470 2580 1440
1137269049 8170.76 -1296.17 -0.148185 420 7480 2450 1480
1137373521 8286.15 -1297.66 -0.146618 420 7480 2430 1510
1137582390 8402.08 -1317.44 -0.149662 420 7470 2280 640
1137686826 8512.24 -1323.65 -0.150725 420 7480 2970 610
1137791290 8624.38 -1343.6 -0.149433 420 7480 2510 570
1137895749 8750.18 -1344.02 -0.149311 420 4390 2740 540
1138104605 8859.16 -1352.03 -0.146147 420 7470 2590 530
1138209045 8974.29 -1370.2 -0.15129 420 7470 2500 530
1138313494 9106.99 -1380.72 -0.151971 420 7470 1680 530
1138522351 9211.89 -1418.98 -0.152579 420 7470 1700 830
1138626793 9364.77 -1436.59 -0.155058 420 7470 2170 810
1138835675 9525.96 -1472.61 -0.158013 420 7470 2020 750
1139044540 9678.83 -1488.17 -0.158184 410 7460 1850 740
1139253432 9837.14 -1511.99 -0.156747 420 7470 1700 740
1139357849 9936.02 -1532.33 -0.160845 410 7470 1630 770
1139566773 10044.9 -1547.24 -0.159545 420 7480 1480 1520
1139671200 10149.9 -1569.49 -0.161141 420 3080 1400 1460
1139775626 10253 -1587.14 -0.162037 420 3620 1340 550
1139984497 10367 -1608.41 -0.163813 420 7480 1190 480
1140088926 10469.9 -1631.71 -0.167646 430 7480 1300 460
1140297826 10626.6 -1658.78 -0.167258 430 3280 2410 460
1140402244 10725.9 -1681.08 -0.16801 430 4630 2290 460
1140506701 10837.1 -1700.67 -0.171541 430 4550 2230 500
1140715592 10938.3 -1723.24 -0.172844 430 2100 2060 600
1140820079 11037.4 -1747.58 -0.174075 430 7490 1980 560
1140924475 11136.7 -1769.21 -0.173783 440 7490 1910 530
1141028903 11247 -1795.99 -0.175023 440 4130 1820 510
1141237800 11351.2 -1811.86 -0.180461 440 3960 1660 510
1141342251 11454.9 -1836.2 -0.180139 440 3870 1590 510
1141446702 11567.2 -1846.41 -0.180354 450 3780 1510 540
1141655602 11667 -1867.98 -0.179704 450 7510 1360 530
1141760085 11775.8 -1879.05 -0.183528 450 7510 1290 500
1141864483 11889.7 -1899.48 -0.184965 450 2070 1210 500
1141968922 12002.4 -1923.68 -0.185383 460 1980 1140 500
1142177810 12111.4 -1938.34 -0.185362 460 1820 1010 490
1142282300 12222.3 -1976.1 -0.187208 460 1740 950 1350
1142386699 12328.5 -1994.02 -0.191962 470 1660 1500 1380
1142491147 12427 -2036.04 -0.192789 470 2980 1420 1480
1142700072 12540.4 -2027.78 -0.192052 470 2020 1460 560
1142804472 12642.7 -2058.76 -0.191259 480 1950 1930 500
1142908966 12742.1 -2083.11 -0.194976 480 2620 1110 470
1143117833 12845.2 -2113.86 -0.196429 490 2460 940 450
1143222279 12946.8 -2131.77 -0.195531 490 2390 880 450
1143326703 13048.3 -2149.77 -0.196651 490 2280 810 440
1143431131 13162 -2181.02 -0.196755 500 2200 750 480
1143640036 13273.7 -2180.72 -0.201102 500 2020 1300 1350
1143744431 13374 -2202.36 -0.198795 510 1940 1220 390
1143848853 13492.1 -2200.45 -0.185758 510 1930 1140 350
1144057786 13594 -2230.98 -0.158693 510 1770 1010 340
1144162205 13699.4 -2251.46 -0.122116 510 1690 1610 340
1144266657 13810.8 -2264.15 -0.111025 510 1600 1550 340
1144371095 13913.7 -2281.43 -0.117969 510 1530 2200 400
1144580039 14019.5 -2292.73 -0.112822 500 1380 1330 560
1144684444 14130.8 -2315.1 -0.114509 490 1290 1260 510
1144788904 14238.1 -2317.22 -0.118377 490 1220 2000 480
1144893327 14348.4 -2320.18 -0.117271 490 1140 1280 470
1145102242 14463.1 -2328.76 -0.118689 480 1020 1770 480
1145311111 14616.6 -2346.91 -0.117881 480 1710 1630 510
1145415532 14720.5 -2357.3 -0.12215 470 1630 1560 630
1145519972 14828 -2363.05 -0.122136 470 1560 1490 580
1145728853 14942 -2377.26 -0.121671 460 1410 1340 510
1145833305 15048.2 -2389.91 -0.122515 460 1340 1260 490
1145937750 15152 -2396.46 -0.122978 460 1250 1190 500
1146042206 15267.1 -2399.72 -0.124522 460 1200 1300 500
1146251088 15375.1 -2407.63 -0.124574 440 1060 1200 520
1146355551 15485.9 -2414.45 -0.124522 440 7600 1200 1380
1146460022 15604.9 -2418.61 -0.124256 490 7600 1200 1490
1146564403 15706 -2431.44 -0.128147 530 7590 7530 490
1146773294 15817.4 -2428.34 -0.125802 540 7590 7500 440
1146877697 15927.3 -2438.46 -0.126629 540 7580 7490 440
1146982139 16038.7 -2432.94 -0.126446 540 7580 7500 450
1147191082 16141.8 -2445.9 -0.129098 520 7590 7500 460
1147295444 16253.9 -2449.25 -0.130325 470 7520 7500 1400
1147399901 16357.1 -2452.67 -0.127457 440 7460 7610 1410
1147504342 16460.7 -2451.86 -0.127104 410 7480 7620 810
1147713254 16570.5 -2453.49 -0.127269 430 7480 7620 640
1147817720 16675.3 -2460.28 -0.129713 430 7480 7620 640
1147922132 16784.5 -2455.67 -0.130668 430 7480 7620 640
1148131034 16886.1 -2465.64 -0.129314 420 7480 6630 640
1148235457 16993.1 -2461.99 -0.128798 420 7480 7620 640
1148339922 17103.2 -2459.51 -0.130715 420 7480 7620 640
1148444322 17216.2 -2475.3 -0.132833 420 7470 6380 900
1148653176 17319.6 -2482.28 -0.135501 420 7470 6190 1410
1148757644 17427.9 -2488.52 -0.145127 420 7470 6120 1430
1148862097 17536 -2490.3 -0.152508 420 7480 7620 1430
1149070999 17689 -2515.7 -0.183521 430 7480 5860 1520
1149175431 17795.6 -2515.35 -0.206798 430 5740 5840 1510
1149384303 17898.6 -2521.88 -0.228867 450 5580 5650 1500
1149488760 17996.8 -2538.18 -0.248874 460 5500 3750 1490
1149593198 18104.9 -2545.8 -0.239004 470 5400 5500 1480
1149697649 18207.2 -2551.74 -0.239031 480 5320 5500 1470
1149906519 18310.3 -2546.93 -0.238817 490 7560 5250 1450
1150010994 18426.5 -2550.23 -0.237594 500 7560 5250 1440
1150115426 18527.7 -2570.51 -0.239723 510 7580 5250 1430
1150219858 18631.6 -2581.26 -0.238158 520 7590 5250 1430
1150428751 18742.8 -2600.77 -0.239431 540 2910 2980 1410
1150533179 18850.9 -2606.53 -0.240262 550 7610 2940 1400
1150637633 18957.3 -2630.79 -0.240617 560 4620 2900 1390
1150846541 19062.7 -2674.06 -0.24167 580 4420 4500 1370
1151055420 19218.3 -2708.56 -0.241913 600 2440 4360 1350
1151159845 19321.2 -2717.42 -0.244625 610 2360 4280 1340
1151264300 19433.1 -2713.99 -0.244924 620 2280 4060 1330
1151368738 19554 -2692.92 -0.240953 630 2210 2330 1320
1151577640 19661.3 -2676.64 -0.23979 650 3850 3780 1300
1151682078 19762.5 -2684.47 -0.239373 550 3770 3710 1290
1151786522 19870.1 -2710.1 -0.243589 540 3710 3630 1280
1151890975 19985 -2702.62 -0.240342 560 3660 3570 1270
1152099888 20095.5 -2710.79 -0.241021 580 3470 3400 1250
1152204258 20215.3 -2727.31 -0.239634 600 3410 3350 1220
1152413110 20371.6 -2757.44 -0.242489 620 3390 3230 1280
1152517579 20476.3 -2774.43 -0.242623 630 3390 2530 1260
1152622009 20583.1 -2793.44 -0.24272 640 3070 2450 1280
1152830911 20699.9 -2813.47 -0.242627 670 2910 2850 1330
1152935365 20806.2 -2801.93 -0.2431 680 2850 2720 1260
1153039796 20904 -2832.83 -0.243918 690 2780 2910 1220
1153248696 21020.4 -2773.17 -0.241914 720 2620 1950 1150
1153353128 21139.8 -2757.5 -0.239029 730 2550 1880 1120
1153457581 21264.2 -2698.47 -0.23571 740 2490 2630 1090
1153562038 21377 -2696.31 -0.237032 760 2430 2550 1090
1153770949 21481.2 -2727.33 -0.237925 870 2440 1550 1070
1153875378 21587.1 -2712.36 -0.235879 890 2440 2430 1050
1153979827 21695.2 -2689.83 -0.233431 890 2440 3040 1040
1154188682 21814.3 -2652.81 -0.233972 930 2030 1630 1090
1154293134 21922.8 -2632.59 -0.23187 1000 1990 2390 1110
1154397590 22035.6 -2578.9 -0.224763 1040 1990 2650 1130
1154502051 22136.3 -2602.52 -0.202294 1060 1990 1500 1160
1154711006 22238.1 -2621.1 -0.175173 1080 2820 1500 1060
1154815408 22345.9 -2630.54 -0.148007 1080 2820 2320 1040
1154919867 22466.5 -2578.31 -0.148721 1080 2820 2230 980
1155024293 22588.6 -2524.07 -0.145848 1080 2820 2150 700
1155233194 22697.9 -2490.63 -0.143933 1090 2820 1980 630
1155337660 22813.3 -2414.72 -0.139355 1110 7580 1630 470
1155442086 22933.3 -2366.79 -0.140519 1110 2430 1820 440
1155650957 23045.5 -2320.87 -0.138932 1120 2890 3480 430
1155755420 23154.8 -2316.16 -0.136286 1130 2190 7580 450
1155859894 23269.6 -2309.61 -0.136839 1130 2120 1960 510
1155964273 23382.9 -2205.5 -0.131072 1130 2060 1870 620
1156173186 23493 -2197.97 -0.134124 1090 1880 1250 410
1156277646 23617.6 -2144.79 -0.131106 1080 2290 2300 400
1156382094 23734.9 -2110.61 -0.126227 1040 2210 1550 410
1156486554 23850.6 -2054.77 -0.104557 1070 2140 1600 400
1156695428 23964.1 -1993.51 -0.0705586 850 2100 1970 410
1156904282 24127.6 -1983.34 -0.0437626 850 1950 1800 340
1157008763 24237.9 -1982.89 -0.0500092 860 1890 1750 330
1157113191 24353.1 -1953.3 -0.046292 870 2310 1550 330
1157322182 24484.6 -1868.63 -0.0440332 850 2200 1400 430
1157426556 24593.4 -1840.02 -0.0414251 900 2200 1440 420
1157530980 24713.5 -1765.33 -0.0416261 1080 1920 1310 400
1157635421 24833.9 -1772.59 -0.0423096 870 1920 1160 370
1157844317 24953.9 -1726.52 -0.0406926 780 1920 7560 370
1157948767 25065 -1723.41 -0.0425968 680 1700 930 410
1158053214 25182.6 -1695.94 -0.0429235 630 1580 2920 470
1158157664 25297.9 -1655.99 -0.0395235 590 1580 7600 600
1158366560 25407.3 -1647.46 -0.0385776 430 2600 3960 370
1158471060 25526 -1644.24 -0.0399455 450 7490 1190 360
1158575425 25637 -1639.15 -0.0433408 550 7490 1760 380
1158784299 25753.1 -1577.8 -0.0418716 1080 2210 2220 480
1158888710 25860.7 -1574.08 -0.0392149 650 2150 2210 620
1158993161 25967.2 -1575.61 -0.0407461 640 2060 2000 710
1159097566 26072.2 -1569.54 -0.0329594 480 2100 1970 530
1159306458 26181.9 -1541.2 -0.010304 560 7630 1800 370
1159410927 26289.7 -1534.84 0.0226096 480 7630 1150 620
1159515354 26389.1 -1555.7 0.0185546 580 1070 1540 560
1159619852 26492.7 -1549.44 0.0177996 710 2340 1030 630
1159828690 26608.1 -1538.09 0.0176285 660 2180 1450 370
1159933118 26717.6 -1522.51 0.0144063 420 2180 1220 360
1160037589 26824.6 -1512.54 0.0132192 400 1980 2120 350
1160246468 26935.1 -1504.14 0.0130807 410 1850 1020 380
1160455391 27089.4 -1470.24 0.0144173 440 1680 1950 440
1160559810 27192.9 -1454.51 0.0118387 650 1500 1900 400
1160664228 27298 -1434.01 0.00850486 610 1430 1640 380
1160768704 27413.7 -1432.02 0.0107341 430 1340 1740 370
1160977548 27520.7 -1434.54 0.00919003 430 1180 1650 470
1161186425 27675.2 -1451.12 0.00866133 580 1160 1230 640
1161290889 27776.2 -1427.29 0.0054114 440 1540 1230 620
1161395328 27893.3 -1408.97 0.00585725 400 1610 7620 620
1161499759 27996.5 -1392.62 0.00656884 380 7540 1030 440
1161708646 28104.9 -1388.82 0.00627062 370 1350 2080 560
1161813093 28219.4 -1395.24 0.00215984 480 1300 7490 400
1161917548 28325 -1390.24 0.00304199 520 1240 7490 600
1162126443 28444.1 -1382.54 0.00199509 770 1070 7460 340
1162230893 28556.7 -1378.7 0.00256061 530 7540 7440 320
1162335338 28660.1 -1362.57 -0.000508154 490 1500 7420 320
1162439791 28767.3 -1340.98 0.000290032 490 7640 1520 320
1162648645 28874.1 -1345.7 1.9358e-05 460 1260 1360 490
1162753070 28976.1 -1346.49 -0.00152829 480 1190 1360 480
1162857497 29090.5 -1352.36 -0.00166373 660 7610 7630 660
1162961965 29195.1 -1362.75 -0.00541289 560 1060 7540 640
1163170849 29299.1 -1351.91 -0.00584403 460 910 7640 450
1163275319 29411.7 -1355 -0.00489548 460 7290 7090 440
1163379808 29519.8 -1360.07 -0.00519145 370 7220 7090 480
1163588707 29624.2 -1356.31 -0.0118601 480 980 6940 620
1163693076 29733.2 -1376.46 -0.0141324 670 6990 6940 960
1163797542 29836.7 -1394.16 -0.0155746 700 6900 6940 960
1164006433 29990.3 -1407.99 -0.0154151 570 6730 4450 960
1164215336 30145 -1410.19 -0.0204061 450 6570 4340 960
1164319762 30251.5 -1435.84 -0.021575 330 6470 4290 960
1164528669 30355.1 -1427.09 -0.022922 330 6290 6120 960
1164633119 30501.7 -1437.61 -0.0221507 440 6200 3120 960
1164841947 30656.1 -1452.93 -0.0284819 1000 6020 3000 950
1165050810 30757.1 -1465.46 -0.0300096 1000 2800 2860 950
1165259740 30913.1 -1475.52 -0.0314503 1000 5520 2790 950
1165364171 31066.3 -1485.65 -0.0352103 1000 5410 5640 950
1165573057 31225.6 -1507.31 -0.0354421 1000 5470 2590 950
1165781932 31327.4 -1507.85 -0.0300355 1000 5390 2500 950
1165886388 31477.8 -1524.35 0.0102051 1000 5390 5050 950
1166095262 31581.4 -1560.57 0.0544265 990 5050 4890 960
1166304123 31717.2 -1558.61 0.148585 970 4970 4700 980
1166513037 31856.9 -1539.03 0.27453 940 3730 4540 1030
1166617461 31956.6 -1514.46 0.370824 920 3670 4460 1010
1166721921 32046 -1517.52 0.458281 890 3600 4380 980
1166826342 32126.8 -1461.28 0.546448 870 3510 3630 950
1167035265 32253.8 -1365.54 0.669005 830 3370 3450 920
1167244125 32370.1 -1245.21 0.782582 2610 3220 2550 900
1167452996 32470.7 -1124.91 0.875881 710 3120 2390 920
1167661848 32560.9 -1013.42 0.948961 640 2900 2250 940
1167870708 32646.2 -863.117 1.01673 580 2850 2800 980
1168079627 32729 -728.606 1.06492 560 2740 2630 1030
1168288485 32803.6 -657.575 1.08972 3580 2600 2460 1090
1168392956 32844.1 -501.205 1.10141 3570 2440 2360 1120
1168497403 32895.5 -396.622 1.11222 640 3530 2290 1150
1168706311 32947.3 -268.222 1.11991 680 2280 2150 1220
1168915190 33010.8 -146.248 1.13966 750 2130 1990 1280
1169019650 33067.2 -24.6985 1.19404 780 2060 1920 1270
1169228554 33113.3 117.029 1.28738 820 5630 1710 1210
1169437485 33153.7 279.777 1.41104 840 5500 2250 1160
1169646317 33176.2 411.522 1.53799 840 5400 2700 1150
1169750745 33184.6 516.596 1.54656 840 5400 5250 1140
1169959639 33185.8 635.179 1.54103 840 5400 5100 1190
1170064094 33189.8 757.364 1.54476 840 5400 5020 1240
1170168558 33194 884.764 1.54278 840 5400 4940 1250
1170377434 33195.5 1026.31 1.54244 840 5400 4780 1240
1170481891 33194.6 1146.82 1.54116 850 5400 4700 1220
1170690773 33196.1 1259.55 1.54067 850 5400 4540 1170
1170795232 33196.5 1386.08 1.54043 850 5400 4460 1160
1170899696 33200.2 1513.3 1.53778 850 5400 4370 720
1171004140 33200.6 1629.16 1.53774 850 5400 4290 670
1171212994 33199.5 1753.7 1.5401 850 5400 4130 630
1171317446 33202.3 1878.83 1.54115 850 5400 4050 620
1171421880 33198.7 2009.96 1.5382 850 5400 3970 620
1171526304 33203.6 2127.02 1.53797 850 5400 3890 640
1171735200 33200.4 2240.64 1.53898 860 5400 3730 690
1171839633 33202.8 2353.45 1.54068 860 5400 3650 710
1171944083 33205.1 2466.96 1.54077 860 5400 3570 1130
1172048582 33205.5 2578.74 1.53595 860 5400 3490 1130
1172257415 33210.3 2699.5 1.53761 870 5400 2480 1120
1172361835 33212 2809.29 1.53739 870 5400 3250 1120
1172570726 33217.3 2967.43 1.5356 870 5400 3100 1110
1172675151 33222.6 3074.45 1.53429 880 5400 3030 1110
1172884007 33226.7 3184.25 1.53358 880 5400 2870 1110
1172988480 33229.3 3295.97 1.53342 880 5400 2810 1110
1173092912 33232.7 3400.03 1.53215 890 5400 2740 1100
1173197395 33238.5 3497.83 1.52841 890 5400 2660 1100
1173406248 33246.8 3585.8 1.52887 890 5400 2510 1100
1173510677 33250.7 3703.88 1.52864 900 5400 2450 1090
1173615130 33253.1 3823.09 1.52708 900 5400 2700 1090
1173824024 33259.2 3978.86 1.52242 900 5400 2700 1090
1174032928 33268.2 4131.98 1.52386 910 5400 2100 1080
1174137433 33277.8 4229.26 1.52334 910 7610 2040 1080
1174346297 33279.1 4334.03 1.51842 920 7440 1910 1070
1174450686 33288.1 4446.99 1.51852 920 7370 5800 1070
1174555139 33292.3 4547.01 1.51786 930 7370 5710 1060
1174764033 33303.1 4698.45 1.51891 930 7200 5550 1060
1174868459 33310.5 4808.76 1.51532 940 7200 5470 1050
1175077332 33316.3 4918.28 1.51437 940 6880 5300 1040
1175181796 33324.4 5032.28 1.51495 950 6800 5220 1030
1175286217 33327.7 5141.3 1.51375 950 6710 5140 1050
1175390643 33333.6 5251.49 1.51137 950 6620 5060 1090
1175599533 33340.3 5354.39 1.51299 960 4960 3980 1130
1175703961 33343.9 5455.96 1.52809 970 4870 3900 1130
1175808411 33349.3 5581.35 1.55857 970 6300 4730 1120
1176017328 33353.5 5688.83 1.58631 970 6140 4560 1060
1176121750 33350.2 5788.93 1.58273 960 6070 4480 1040
1176226185 33353.1 5899.85 1.58332 960 5980 4400 1020
1176330628 33352.8 6003.26 1.58384 960 4070 4320 1020
1176539513 33350.2 6118.14 1.58233 950 3900 3980 1030
1176643940 33350.9 6236.61 1.58112 950 3810 3890 1030
1176748393 33349.6 6341.37 1.57851 950 3730 3810 1030
1176852860 33349.9 6443.64 1.58047 950 3660 3920 1050
1177061760 33351.5 6551.49 1.57994 940 3510 3760 1020
1177166207 33346.8 6666.37 1.57595 940 3410 3500 1030
1177270645 33347.4 6775.16 1.57467 940 3330 3430 1030
1177479542 33346.7 6889.01 1.57451 940 4980 3450 1030
1177688439 33348 7047.75 1.57532 930 3010 3290 1030
1177792864 33351.9 7141.4 1.57121 930 2930 3210 1030
1177897289 33348 7250.46 1.56945 930 2870 3130 1030
1178001762 33352.5 7369.16 1.57027 930 2770 2880 1040
1178210624 33351.9 7474.49 1.56847 930 2640 2910 1050
1178315070 33354.6 7570.39 1.56899 930 2550 2840 1060
1178419495 33351.3 7689.57 1.56466 930 2470 2570 1060
1178523962 33353.4 7787.21 1.56466 930 4150 2690 1060
1178732846 33354.4 7895.76 1.5635 930 3990 2560 1060
1178837271 33354.2 8006.82 1.56319 930 3910 2470 1060
1178941755 33359.1 8102.48 1.55964 930 2110 2420 1060
1179150631 33361.2 8196.3 1.55922 930 3690 2290 1060
1179255104 33368.2 8292.75 1.559 930 3610 2220 1060
1179359517 33365.4 8397.69 1.55778 930 3520 3630 1060
1179463941 33374.1 8498.12 1.55764 930 3440 3560 1060
1179672826 33377.1 8601.83 1.55298 930 3290 3380 1060
1179881696 33382.6 8753.89 1.55378 930 3120 5880 1060
1179986143 33388.5 8848.82 1.55359 930 3050 3150 1060
1180090595 33386 8958.43 1.55134 930 2970 5000 1060
1180195048 33391.8 9069.87 1.54809 930 2890 2990 1060
1180403903 33393 9172.4 1.54809 930 2750 2890 1050
1180508352 33399.8 9268.27 1.54861 940 2690 2790 1040
1180612817 33404.5 9376.53 1.54787 940 2680 2690 1050
1180821710 33407.9 9474.1 1.54326 940 2480 2580 1150
1180926164 33411.8 9581.42 1.5429 940 2480 5040 1150
1181030607 33411.2 9702.16 1.5432 940 2340 4960 1140
1181135049 33417.7 9792.12 1.54259 940 2240 4890 1140
1181343949 33419.3 9901.84 1.54247 930 2100 2230 1100
1181448404 33427.3 10014.4 1.53887 940 2030 2200 1070
1181552825 33425 10128.6 1.53742 990 1980 2180 1050
1181657276 33429 10234.9 1.53749 1020 1920 2130 1030
1181866227 33433.4 10346.2 1.53738 1060 7500 2580 1030
1181970755 33432 10457.1 1.53549 1060 7500 2510 1030
1182075088 33434.7 10567.4 1.53492 1060 7500 2450 1030
1182283960 33430.2 10690.1 1.53389 1060 7500 2850 1020
1182388405 33437.7 10792.5 1.53461 1060 7500 2770 1080
1182492856 33449.4 10885.6 1.53227 1070 7500 2650 1110
1182597323 33457 10978.5 1.5288 1070 7260 2110 1240
1182806238 33464.4 11081.2 1.53035 1080 6730 2430 1160
1182910683 33470.3 11186.5 1.52891 1100 6640 2370 1120
1183015139 33475.6 11298.3 1.52829 1090 6560 2310 1080
1183223993 33479.1 11401.5 1.53803 1100 6400 2130 1020
1183328431 33483.9 11499.9 1.56354 1060 6370 2080 1010
1183432860 33487.7 11601.2 1.61 1030 6210 2010 990
1183641756 33485.4 11747.5 1.67304 970 6070 1690 960
1183746194 33472.3 11857 1.67078 940 5970 5980 890
1183955088 33464.1 11958.7 1.66925 940 5820 5830 590
1184059546 33452 12067.9 1.67021 930 5720 5740 590
1184163986 33447.2 12165.5 1.6708 920 5640 5640 560
1184268411 33439.9 12263.7 1.6692 910 5550 5570 590
1184477391 33434 12369.2 1.66448 890 5380 5410 940
1184581775 33423.6 12476.2 1.66522 880 5290 5330 950
1184686225 33415.2 12573.4 1.66329 870 5210 5250 960
1184895096 33410 12671.5 1.66546 850 5050 5080 980
1184999543 33402.4 12766.9 1.66185 850 4960 4990 990
1185103966 33396.6 12866.6 1.65924 840 4880 4910 1000
1185208419 33385.9 12973.7 1.65959 830 4800 4820 1000
1185417329 33376.8 13084.5 1.65796 810 4630 4650 750
1185521796 33366.5 13186.1 1.65674 800 4550 4570 710
1185626239 33358.4 13293.2 1.65545 790 4470 4480 750
1185730633 33350 13406.8 1.65518 790 4380 4400 710
1185939516 33339.1 13511.5 1.65351 770 4220 4240 970
1186043953 33328.9 13621.2 1.65291 760 4130 4150 940
1186148371 33313 13745 1.64897 750 4050 4070 650
1186357294 33308.9 13842.7 1.64974 740 3880 3900 610
1186461733 33292.2 13964.3 1.65126 730 3800 3820 600
1186566190 33289.8 14063.7 1.64983 720 3720 3740 620
1186670627 33280.4 14162.7 1.64767 710 3640 3660 630
1186879470 33270.1 14268 1.64119 700 3470 3490 650
1186983937 33260.2 14371.7 1.64291 690 3390 3410 650
1187088365 33252.9 14467.6 1.64471 690 3310 3330 660
1187192823 33244.8 14572.5 1.64518 680 3230 3260 670
1187401728 33232.7 14688.6 1.63938 670 3060 3090 670
1187506179 33228.9 14791.8 1.64035 660 2980 3010 680
1187610610 33219.4 14896.8 1.63909 660 2890 2920 680
1187819516 33216.6 15001.3 1.64108 640 2730 2760 700
1187923945 33206.8 15109.7 1.64597 640 2650 2670 710
1188028374 33200 15205.8 1.66163 630 2560 2590 660
1188132797 33189.8 15317.1 1.68974 620 2480 2510 750
1188341693 33180.4 15413.3 1.72847 600 2320 2340 1020
1188550560 33152.7 15560.1 1.80032 560 2160 2170 980
1188655002 33131.7 15659.8 1.86423 550 2090 2090 1270
1188759443 33098.7 15765.8 1.92506 540 2020 2020 1020
1188863866 33060.1 15869.3 1.99005 540 1950 1940 1640
1189072767 32992.7 16006.5 2.08481 540 1890 1800 1660
1189281656 32942.4 16092.6 2.14841 540 1890 1670 1530
1189386097 32888.3 16179.2 2.21813 540 1890 1610 1470
1189490582 32826.1 16265.5 2.26122 540 1890 1570 1730
1189595009 32751.5 16358.7 2.27791 540 1890 1510 1880
1189803906 32672.9 16444.5 2.29033 540 1890 1510 2430
1189908370 32596.1 16529.2 2.30759 540 1890 1510 2420
1190012803 32519.1 16607.8 2.33295 540 1890 1510 2410
1190221656 32405.9 16731.4 2.39701 540 1890 1510 1200
1190326133 32326.6 16810 2.44841 540 1890 1510 1130
1190535042 32197.7 16911.1 2.52452 540 1890 1510 1000
1190743895 32082.3 16990.6 2.57138 540 1890 1510 900
1190952780 31983.5 17048.1 2.56476 540 1890 1510 810
1191057234 31897.5 17113.7 2.57559 540 1890 1510 760
1191161719 31804.1 17175.8 2.59334 540 1890 1510 720
1191266166 31709.4 17232.8 2.63303 540 1890 1510 670
1191475044 31582.4 17300.9 2.72032 1410 1890 7600 590
1191683930 31448.5 17362.8 2.81714 1440 7610 7540 520
1191788356 31348.5 17393.3 2.80762 1460 7590 7510 490
1191997255 31254.1 17422.7 2.80647 1510 7540 7460 440
1192101683 31144.3 17461.5 2.80929 1550 7510 7440 410
1192206147 31042.5 17498.6 2.80778 1570 7490 7410 380
1192415039 30943.9 17531.8 2.81111 1630 7430 7350 330
1192519460 30844.2 17567.8 2.82568 1650 7410 7330 310
1192623910 30737.3 17598.2 2.85616 1670 7390 7300 280
1192728352 30638.6 17628.4 2.8971 1690 7370 7280 260
1192937231 30540.1 17652.1 2.95753 1710 7330 7250 230
1193041682 30433.6 17675.1 3.03376 1720 7320 7240 220
1193146220 30329.1 17690.6 3.0396 1720 7320 7240 210
1193250590 30233.3 17697.1 3.02777 1740 7310 7230 200
1193459457 30125.9 17712.3 3.03591 1760 7290 7220 200
1193563901 30020.8 17721.4 3.03093 1760 7290 7200 200
1193668326 29913.7 17733.3 3.03053 1760 7280 7200 200
1193877212 29796.3 17749 3.03915 1780 7460 7180 200
1193981651 29687.7 17761.1 3.05331 1790 7460 7180 200
1194086079 29580.9 17768.8 3.07212 1790 7460 7170 200
1194190516 29465 17777.3 3.10008 1800 7570 7170 200
1194399429 29355.7 17779.8 3.14053 1800 7250 7160 200
1194503852 29250.4 17780.2 -3.09344 1800 7240 7170 200
1194608306 29139.8 17766.8 -3.06038 1790 7250 7180 200
1194817201 28986.1 17753.4 -3.01314 1770 7280 7200 200
1194921652 28883.4 17736.4 -2.98432 1760 7290 7220 200
1195130554 28771.8 17727.9 -2.96603 1740 7320 7240 210
1195235012 28646.1 17715.4 -2.97113 1720 7340 7260 220
1195339456 28549 17688 -2.97224 1710 7350 7280 230
1195548310 28381.1 17675.5 -2.98088 1670 7390 7310 260
1195652753 28285.9 17648.4 -3.00892 1660 7400 7320 270
1195861636 28173.3 17629.5 -3.04859 1640 7440 7340 290
1195966088 28068 17618.8 -3.09698 1630 7440 7340 290
1196070550 27964.3 17607.7 3.13874 1630 7430 7340 290
1196279426 27857 17612 3.10382 1630 7410 7330 290
1196383873 27745.3 17616.9 3.07569 1630 7410 7330 290
1196488320 27637.4 17617.1 3.05485 1640 7400 7320 280
1196592795 27523.1 17631.8 3.0553 1650 7390 7310 280
1196801639 27418 17639 3.05871 1660 7380 7300 270
1197010558 27270.1 17649 3.05781 1670 7370 7290 250
1197115010 27161.5 17658.2 3.05751 1680 7360 7280 250
1197219427 27054.6 17663 3.0526 1690 7360 7280 240
1197323851 26934.2 17676.5 3.05419 1690 7350 7270 240
1197532745 26825.8 17683.6 3.05359 1710 7330 7250 220
1197637171 26718.4 17700.3 3.05449 1720 7320 7250 220
1197741623 26593 17720 3.06454 1720 3230 7240 210
1197950540 26482.4 17733.5 3.0921 1730 7320 7240 200
1198055022 26371.5 17740.8 3.13068 1730 2980 7240 200
1198159391 26266 17739 -3.09358 1730 2890 7240 210
1198368291 26122.7 17732.4 -2.98405 1710 7340 7270 230
1198472716 26034.3 17713 -2.88768 1700 7260 7290 240
1198681616 25942.1 17683.5 -2.78518 1660 7180 7130 300
1198786066 25845.8 17654 -2.65634 1640 7110 7040 340
1198890489 25768.3 17613.6 -2.52885 1620 7110 6960 340
1198994937 25698 17566.1 -2.39859 1600 7110 6900 340
1199203857 25630.9 17505.2 -2.25987 1600 7110 6850 340
1199308244 25583.8 17430.9 -2.14819 1600 1420 1540 340
1199412697 25521.1 17369.8 -2.04738 1600 1340 1450 340
1199621593 25488.2 17267.3 -1.94625 1600 1200 1290 6630
1199726044 25445.3 17210.8 -1.84796 1600 1130 1230 6560
1199830479 25422.1 17120.3 -1.74904 1600 1070 1120 6510
1199934940 25415.5 17015.2 -1.64142 1600 980 1030 6470
1200143894 25399.1 16943.4 -1.52984 1600 830 860 6440
1200248250 25401.7 16857.8 -1.40367 1600 750 780 6440
1200352699 25423 16764.8 -1.25255 1600 690 700 6460
1200457117 25447.5 16680.2 -1.10255 1600 640 630 6460
1200666000 25492.2 16601 -0.967612 1600 560 510 6460
1200770429 25533 16535.6 -0.842729 1600 560 460 6460
1200874869 25592.4 16475.6 -0.72781 1600 560 420 480
1201083762 25649.7 16432.7 -0.609792 1600 7420 7340 330
1201188223 25727.9 16380 -0.48017 1600 7380 7290 290
1201292701 25814.8 16338.1 -0.362304 1600 7350 7270 250
1201397107 25890.2 16314.1 -0.244173 1760 7310 7240 220
1201605980 25983.9 16286.9 -0.124532 1760 7290 7220 200
1201710433 26121.3 16276 -0.0820776 1760 7290 7220 200
1201919344 26239 16259.3 -0.0868157 1770 7290 7210 200
1202023802 26354.1 16248.3 -0.0858021 1770 7310 7200 200
1202128222 26463.4 16238.8 -0.0763869 1780 7300 7190 200
1202337105 26589.7 16230.9 -0.0477725 1790 7430 7180 200
1202441535 26690.7 16233.8 -0.00709835 1790 7260 7180 200
1202545969 26797.8 16234.3 0.0467038 1790 7260 7190 200
1202650394 26909.8 16246.2 0.121407 1780 7260 7190 200
1202859284 27002.2 16269.6 0.204865 1760 7270 7220 200
1202963812 27102.1 16290 0.301889 1740 7620 7260 220
1203068207 27188.9 16333.1 0.423519 1720 7550 7290 250
1203277057 27282.6 16358 0.553117 1670 7550 7340 340
1203381540 27368.3 16405.9 0.653771 1650 7550 7340 340
1203485964 27463.2 16465.9 0.653994 1610 7550 7340 340
1203590424 27540.6 16541.1 0.638023 1560 7550 7340 340
1203799330 27665.4 16641.8 0.601243 1450 2140 7470 340
1204008217 27751.7 16701.5 0.579067 1350 2140 7250 340
1204112693 27839.4 16772.9 0.567138 1300 2140 7250 340
1204217053 27929.5 16826.7 0.569826 1250 2140 7110 340
1204321519 28015.7 16898.7 0.565467 1210 1740 6970 340
1204530373 28108.1 16961.6 0.56821 1110 1660 6840 1350
1204634827 28198.2 17027.6 0.562214 1070 1490 6450 1320
1204739269 28292.5 17079.2 0.541551 1020 1490 6350 1320
1204948161 28391.1 17141.7 0.499294 930 1490 6200 1320
1205052612 28485.9 17195.2 0.447123 880 7130 6120 1290
1205157037 28582 17247.3 0.378854 840 7030 6100 1280
1205261497 28683.9 17293.4 0.298719 800 5930 5940 1270
1205470409 28826.3 17333.3 0.171791 750 5690 5700 1180
1205679272 28933.9 17362.7 0.0980501 730 5500 4500 1190
1205783716 29035.2 17376.8 0.0789754 720 5420 5460 1190
1205888144 29140.2 17386.5 0.0881763 710 5340 5320 1200
1205992600 29247.7 17400.4 0.0859775 700 5270 5150 1210
1206201491 29351.7 17410.2 0.0874585 690 5090 5100 1220
1206410360 29516.5 17414.4 0.0833566 670 4920 4940 1240
1206514868 29636.4 17417.1 0.0789603 660 4840 4860 1240
1206723775 29799.8 17423.9 0.0405939 650 4670 4690 1250
1206932602 29954.2 17426.3 -0.0147802 650 4510 4540 1270
1207037070 30053.5 17428 -0.0488699 660 4420 3990 1260
1207141510 30162.4 17418.5 -0.0761734 660 4340 3930 1250
1207350391 30254 17410.1 -0.105266 680 3710 3740 1230
1207454856 30401.1 17390.1 -0.14766 690 4100 3980 1220
1207663735 30505.5 17373.5 -0.176925 710 3440 3490 1200
1207768154 30599.9 17347 -0.204284 730 3870 3780 1180
1207872639 30712.7 17325.8 -0.23429 750 3280 3350 1170
1208081468 30817.6 17298.4 -0.259758 800 3590 3210 1130
1208185919 30915.7 17263.3 -0.289045 820 3050 3120 1110
1208290344 31028 17227.6 -0.320292 850 2860 3360 1090
1208394784 31124.1 17186.4 -0.346353 880 3190 2870 1060
1208603670 31221.3 17145.8 -0.342856 940 2710 2710 1010
1208708134 31330.7 17110.1 -0.342393 970 2630 2650 980
1208812598 31425.5 17071.9 -0.34198 990 2560 2560 950
1208917025 31527.2 17032.6 -0.344327 1020 2410 2470 920
1209125871 31618 17008.2 -0.350293 1080 2240 2310 870
1209230312 31721.5 16966.8 -0.369653 1110 2150 2230 840
1209334768 31817.5 16934.1 -0.394842 1140 2080 2170 810
1209543645 31914.6 16892.5 -0.416249 1220 1920 2020 750
1209648089 32008.5 16854.2 -0.4423 1250 1850 2350 710
1209856980 32152.7 16786.9 -0.500915 1350 1720 1830 650
1209961437 32240.9 16738.4 -0.553126 3380 1630 1740 600
1210065896 32329.9 16687 -0.619578 2610 1560 1670 600
1210274794 32411.4 16627.9 -0.688829 2000 1990 2100 520
1210379222 32491.3 16565.1 -0.756532 2060 1780 2230 480
1210483676 32562.6 16498.9 -0.824659 1830 2090 2190 450
1210588134 32643.4 16413.7 -0.895496 1800 2000 2090 440
1210797035 32714.1 16323.4 -0.959881 1190 1860 1980 440
1210901458 32761.9 16248.2 -1.02397 1130 2480 2550 3410
1211005893 32823.2 16151 -1.09177 1170 1750 2460 3380
1211214775 32871.5 16055.6 -1.16335 1080 2270 2330 510
1211319232 32916.4 15956.1 -1.23107 1050 2190 2670 560
1211423670 32958.1 15853.8 -1.29542 1320 2530 2590 560
1211528136 32973.4 15758.3 -1.36427 1130 2450 3440 580
1211737014 33001.3 15647.8 -1.43127 710 3220 3320 590
1211841443 33013.9 15542.1 -1.50369 740 3150 3260 600
1211945898 33014.3 15445.3 -1.56918 750 3070 5030 600
1212050333 33022.9 15338.7 -1.62044 720 3050 3120 590
1212259234 33007.7 15191.9 -1.61304 720 2940 2960 580
1212468114 33005.8 15077.2 -1.61681 770 5510 2810 580
1212572575 33001 14971.7 -1.61754 780 2740 2720 570
1212677000 32993.2 14868.4 -1.61611 780 2600 2630 570
1212885882 32991.5 14755.4 -1.62183 780 2520 2470 560
1212990305 32983.6 14655.3 -1.61958 800 5130 4200 560
1213094763 32977.7 14548.6 -1.62085 800 4110 3280 550
1213199205 32979 14432.9 -1.62127 810 4060 2220 550
1213408084 32973.3 14323.4 -1.62581 840 3870 2050 540
1213512524 32968.3 14216.4 -1.62605 860 3780 1980 540
1213616952 32963.8 14107.2 -1.62535 1030 3710 2880 530
1213721414 32955.7 14004.7 -1.62634 1330 3630 1810 530
1213930299 32955 13891.2 -1.62616 790 3470 1660 520
1214034718 32954.2 13767.1 -1.6303 790 3390 1580 510
1214139183 32946.5 13656.4 -1.62946 800 3300 1500 510
1214348064 32946.4 13543.1 -1.63138 810 3130 1350 500
1214452494 32941.9 13430.7 -1.62949 800 3050 3030 490
1214556949 32936.8 13322 -1.63275 800 2970 1220 490
1214661401 32935.8 13209.7 -1.63115 800 2880 1130 480
1214870268 32928.7 13087.9 -1.61031 810 3760 1840 480
1214974702 32931.4 12957.1 -1.5775 810 3690 2620 470
1215183616 32928.8 12823 -1.55189 800 3540 2460 480
1215288042 32933.7 12686.9 -1.55536 800 3480 2380 480
1215392468 32943.5 12538.7 -1.55459 800 7610 2300 480
1215601405 32945.4 12419.6 -1.55462 790 3240 2150 490
1215705828 32951.1 12337.4 -1.55647 790 7620 2060 490
1215810250 32956.8 12190.5 -1.55948 1310 7610 1990 490
1216019150 32960.1 12074.2 -1.55896 1380 3000 1840 490
1216123573 32964.3 11956.7 -1.55965 1510 3000 1760 500
1216228000 32966.4 11846 -1.56012 1500 3000 1680 580
1216332464 32969.6 11721 -1.56366 1480 2790 1610 600
1216541390 32969.5 11558.5 -1.56196 1750 2670 1460 600
1216645764 32970.9 11448.7 -1.56302 1550 2590 1400 600
1216854670 32971.3 11347.2 -1.56204 1640 2530 1270 600
1216959100 32973.1 11215.1 -1.56722 1610 2530 1210 600
1217063550 32977.1 11089.3 -1.56783 1580 6180 1140 600
1217272441 32979.5 10979.4 -1.56754 1520 6010 6180 600
1217376894 32994.1 10826 -1.56844 1500 5930 6180 600
1217481335 32986.4 10734.2 -1.56743 1480 5860 6180 600
1217585792 32993.8 10620.2 -1.57206 1480 5860 6180 600
1217794671 32992.5 10502.7 -1.56006 1480 5600 5690 600
1217899114 32995.7 10398.5 -1.54605 1480 5540 5620 600
1218107995 33001.6 10235.2 -1.53852 1470 5370 7590 560
1218212429 33001.7 10134.3 -1.54053 1540 5320 5370 530
1218316877 33007.9 10016.7 -1.54062 1510 5220 5290 510
1218525777 33008.5 9908.25 -1.54171 1570 5050 5130 520
1218630237 33015 9812.1 -1.54641 1570 4970 5070 520
1218734680 33015.6 9706.47 -1.5435 1560 4890 7580 530
1218943561 33015 9615.91 -1.54252 1520 4750 4830 530
1219048029 33020.8 9519.77 -1.54407 1480 4670 4750 530
1219152453 33022.1 9408.28 -1.54853 1450 4590 4690 540
1219256923 33026.6 9312.03 -1.5497 1440 4500 7590 540
1219465816 33027.6 9162.17 -1.53729 1460 4360 7590 540
1219674686 33027.9 9074.83 -1.52871 1450 4200 7590 540
1219779113 33033.8 8967.81 -1.52262 1440 4120 7600 550
1219883568 33037.5 8855.8 -1.52523 1440 4040 7600 550
1219988009 33042.7 8753.27 -1.52621 1430 3970 4070 550
1220196927 33052.5 8595.14 -1.52352 1430 3810 7610 560
1220405819 33056.5 8491.04 -1.52699 1420 3670 3810 570
1220510247 33068.9 8365.09 -1.5294 1420 3590 3720 570
1220614697 33070.8 8250.65 -1.5283 1420 3510 7630 580
1220719155 33080.5 8139.26 -1.53036 1410 3430 7630 580
1220928011 33084.1 8033.03 -1.53015 1410 3290 7640 580
1221032449 33089 7932.38 -1.53425 1400 3220 7640 590
1221136910 33091.7 7829.24 -1.53447 1400 3140 3290 590
1221345763 33098.9 7712.02 -1.53616 1400 3000 5920 600
1221450282 33099.1 7646.57 -1.53504 1390 2930 5920 600
1221554646 33112 7476.09 -1.54072 1390 2870 5810 600
1221659075 33114 7359.44 -1.54003 1380 2800 5720 600
1221867972 33119.2 7248.76 -1.53991 1370 2670 5650 600
1221972409 33125.7 7141.65 -1.53909 1360 2600 5650 600
1222076857 33128.3 7032.19 -1.52864 1360 2530 5090 610
1222181325 33136.7 6929.35 -1.51139 1360 2480 4990 610
1222390200 33149 6783.6 -1.45801 1350 2360 4820 620
1222599097 33164.3 6637.14 -1.38964 1330 4590 4660 650
1222808002 33180.5 6539.34 -1.38566 1300 4450 4570 680
1222912427 33202.8 6423.61 -1.3892 1280 4350 4410 690
1223016865 33224.6 6324.82 -1.38939 1270 4270 4320 710
1223121287 33239.9 6233.44 -1.38833 1250 4180 4240 730
1223330179 33259.3 6128.48 -1.38624 1240 4020 4080 760
1223434607 33279.5 6035.64 -1.3916 1220 3940 4000 770
1223539060 33295.5 5930.11 -1.39103 1210 3860 3920 790
1223747931 33314.1 5817.89 -1.39138 1180 3720 3760 810
1223852380 33338.4 5705.25 -1.39623 1190 3560 3680 830
1223956833 33354.5 5603.42 -1.41386 1240 3460 3510 840
1224061293 33370.1 5493.79 -1.44301 1240 3450 3570 850
1224270185 33383.5 5383.14 -1.47847 1230 3300 3390 870
1224374626 33390.2 5273.84 -1.51451 1210 3220 3300 870
1224479049 33398.6 5160.69 -1.55325 1180 3150 3220 870
1224687935 33401.5 5007.33 -1.6063 1110 2990 3100 870
1224792370 33397 4901.92 -1.62275 1110 2820 3020 860
1225001243 33393.9 4805.96 -1.62479 1140 2780 2880 850
1225105685 33389.7 4692.52 -1.62312 1140 2710 2810 850
1225314541 33383.4 4545.69 -1.58913 1150 2570 2680 840
1225523461 33379.6 4405.72 -1.53566 1150 2430 2540 840
1225627889 33386.8 4290.63 -1.52777 1140 2360 2540 850
1225732343 33389.9 4178.78 -1.53162 1140 2290 2540 850
1225941248 33394.6 4062.8 -1.5306 1140 2150 2380 860
1226045694 33399.3 3958.3 -1.53073 1130 2080 2380 860
1226150162 33403.7 3844.3 -1.52938 1130 2010 2170 860
1226254597 33408.6 3726.61 -1.53384 1130 1950 2090 870
1226463528 33414.8 3614.36 -1.5349 1120 1830 3260 870
1226567896 33418.6 3507.87 -1.53405 1120 1780 1900 870
1226672343 33423.7 3395.37 -1.53483 1120 1720 3080 870
1226881215 33428.5 3301.8 -1.53575 1110 2850 3020 880
1226985673 33430.6 3196.02 -1.53682 1110 2780 2860 880
1227090151 33439 3084.57 -1.5377 1110 2780 2860 880
1227194552 33439.3 2970.96 -1.53756 1100 2600 2860 890
1227403468 33444.9 2859.82 -1.54153 1100 2600 2860 890
1227612351 33447.5 2701.37 -1.53929 1100 2320 2520 900
1227716775 33448.5 2592.94 -1.53998 880 2260 2390 890
1227821218 33454 2474.15 -1.54061 820 2190 2390 900
1227925674 33454.5 2367.29 -1.54347 770 2120 2250 900
1228134557 33460.2 2262.13 -1.54531 620 2000 2250 910
1228239002 33460.4 2148.85 -1.54265 620 2000 2250 910
1228343435 33463.4 2039.85 -1.54387 600 1890 2250 910
1228447874 33468.1 1933.63 -1.54482 580 1820 2250 900
1228656735 33472.7 1815.32 -1.54702 580 1820 4730 910
1228761198 33475.6 1719.79 -1.54706 580 4580 4690 900
1228865628 33475.5 1620.46 -1.5478 610 4580 4690 910
1229074523 33477.1 1509.78 -1.54688 1070 4580 4690 910
1229178952 33478 1411.06 -1.55091 1150 3170 4690 910
1229283412 33480 1305.72 -1.55297 1160 3170 4690 910
1229387856 33479.5 1195.61 -1.55281 1180 3170 4690 910
1229596739 33481.2 1087.09 -1.55353 1180 3170 2890 910
1229701205 33481.7 989.946 -1.55221 1180 3170 2830 910
1229805630 33478.1 878.469 -1.55531 1160 2830 2770 910
1230014491 33479.8 767.167 -1.55593 1090 2700 2710 910
1230119011 33475.9 653.052 -1.55618 1070 2700 2710 910
1230223396 33478.6 544.139 -1.55681 1060 2700 2710 910
1230432263 33476.6 390.239 -1.55947 1070 1520 2450 910
1230536718 33473.9 286.57 -1.57087 1080 1520 1500 910
1230641185 33477.6 198.13 -1.59881 1080 1520 1460 910
1230850124 33466.9 80.4121 -1.6432 1090 1270 1460 900
1230954531 33456.9 -26.217 -1.69911 1100 4720 1460 890
1231058987 33437.4 -113.438 -1.76805 1090 4720 1460 880
1231267903 33417 -204.592 -1.85407 980 4720 1460 850
1231372299 33381.9 -315.199 -1.95649 930 4720 1460 840
1231476749 33340.1 -411.042 -2.05609 900 4720 1460 820
1231581221 33290.4 -515.488 -2.15268 870 4720 1460 810
1231790131 33231 -611.794 -2.24825 840 4720 1460 760
1231894540 33163.6 -687.655 -2.35763 830 4720 1460 740
1231998984 33097.8 -743.378 -2.45579 840 4720 3600 720
1232103432 33017.6 -799.222 -2.55356 850 4720 3500 700
1232312303 32926.4 -845.265 -2.64732 910 3570 3330 660
1232416729 32834.8 -897.775 -2.71986 950 3230 3340 640
1232521197 32739.3 -928.611 -2.78605 990 3180 3200 620
1232730177 32632 -966.99 -2.82232 1100 2980 3150 610
1232834549 32534.7 -994.06 -2.85791 1140 2910 2990 620
1233043443 32386.4 -1023.59 -2.90783 1260 2790 2860 620
1233147855 32285.7 -1053.53 -2.94532 1310 2870 3330 640
1233252289 32173.8 -1074.55 -2.97883 1300 2730 2840 650
1233461149 32073.6 -1085.94 -2.99119 1280 2620 2510 670
1233670030 31927.4 -1103.69 -2.98153 1250 2380 3270 700
1233774434 31829.1 -1115.24 -2.98014 1240 2390 1890 710
1233878886 31717.8 -1130.27 -2.98178 1230 2170 2590 720
1233983379 31609.5 -1144.37 -2.98791 1220 2170 2590 730
1234192246 31505.3 -1155.28 -2.9877 1200 2000 2570 760
1234296659 31395.1 -1173.07 -2.98927 1180 1650 2430 660
1234505582 31241.4 -1193.06 -2.98571 1160 3370 2250 580
1234714465 31087.7 -1213.73 -2.99365 1140 2010 1620 360
1234818933 30982.6 -1228.37 -2.99159 1130 1460 1560 340
1235027879 30820.8 -1252.09 -2.99353 1110 1310 1410 290
1235236697 30667.7 -1276.64 -2.99681 1090 1480 1740 300
1235445570 30513.3 -1300.46 -2.99726 1060 1500 2830 410
1235550041 30409.6 -1315.02 -2.99818 1050 1430 2830 900
1235654469 30296.2 -1335.65 -2.9992 920 1330 2830 690
1235863352 30192.2 -1351.44 -3.00388 820 2280 1270 500
1236072253 30033.9 -1362.13 -3.00001 650 1020 1630 340
1236176701 29923.2 -1381.77 -3.01372 530 940 1570 330
1236281141 29805.8 -1396.82 -3.04299 500 900 1480 340
1236490052 29654.1 -1410.79 -3.1013 470 1680 1850 500
1236594449 29547.7 -1413.75 -3.14072 480 1600 1250 510
1236803332 29441.6 -1419.1 3.10529 550 1530 1110 450
1236907761 29326 -1418.63 3.11403 460 7590 2070 420
1237012190 29219.2 -1416.59 3.11391 360 3300 960 440
1237116634 29115.3 -1413 3.1124 460 1490 900 440
1237325497 29006 -1411.46 3.11266 440 1780 1230 420
1237429924 28902.4 -1406.62 3.10949 650 7600 1670 700
1237638848 28744.5 -1402.26 3.10983 510 7570 1520 560
1237743270 28639.3 -1398.22 3.11012 490 2250 1450 530
1237847741 28528.2 -1393.59 3.10922 490 2170 1360 390
1238056630 28372.5 -1387.54 3.10626 640 6020 1210 370
1238265507 28267.8 -1377.23 3.1064 660 5840 1070 380
1238369937 28160.7 -1369.49 3.10612 680 5770 5710 420
1238474361 28045.5 -1358.11 3.10705 640 5680 5620 460
1238578825 27937.7 -1350.6 3.10259 560 5610 5540 420
1238787679 27782.1 -1339.42 3.11128 570 5440 5400 360
1238996601 27623.5 -1326.57 3.12992 550 5440 7630 370
1239205465 27516.3 -1326.62 3.12317 490 7500 5030 290
1239309914 27402.3 -1317.4 3.12685 610 7500 4940 270
1239414352 27296.5 -1317.02 3.12515 450 7470 4850 250
1239623235 27143.9 -1312.17 -3.13442 560 4740 2900 340
1239727659 27039.5 -1307.52 -3.10755 560 4690 2820 370
1239936626 26923.9 -1313.63 -3.10746 640 4590 2680 550
1240041029 26825 -1312.31 -3.10762 610 1860 4370 400
1240145465 26715.6 -1316.96 -3.10703 510 2480 4280 390
1240249896 26610 -1318.86 -3.10677 570 7600 4200 360
1240458757 26505 -1319.14 -3.10812 880 7620 4040 330
1240563189 26394.5 -1324.23 -3.11051 730 1800 3960 360
1240667641 26278.7 -1323.8 -3.11065 850 1710 1800 470
1240876548 26174.3 -1327.61 -3.11233 820 1550 1660 390
1240980977 26020.6 -1328.62 -3.1128 710 1490 3640 360
1241189883 25917.1 -1330.85 -3.11482 570 1760 3480 320
1241294370 25805.3 -1333.57 -3.11531 580 1760 2400 330
1241398761 25695.4 -1331.69 -3.11646 590 1760 2340 350
1241607658 25592.8 -1336.02 -3.12025 640 1470 3160 870
1241712084 25490.1 -1333.85 -3.11965 630 1370 2100 870
1241816526 25395.2 -1335.87 -3.11938 600 1900 2030 860
1241920957 25287.8 -1341.09 -3.12263 580 1230 2930 860
1242129844 25171.2 -1338.28 -3.13483 610 1230 2780 860
1242234297 25069.2 -1339.78 3.13587 630 3020 2700 860
1242338717 24959.6 -1337.53 3.12444 490 3020 2620 860
1242547615 24846.1 -1333.31 3.11322 460 1400 2470 660
1242652042 24740.1 -1327.81 3.10145 470 1330 2390 660
1242756493 24627.8 -1326.58 3.08863 580 2640 2310 630
1242860946 24508.8 -1314.97 3.077 600 2580 2240 630
1243069826 24396.5 -1310.64 3.07227 690 7580 2070 820
1243278709 24243.1 -1296.73 3.07446 660 7420 1920 790
1243383138 24138.2 -1287.84 3.0738 660 7420 1850 800
1243487597 24031.1 -1287.6 3.07247 690 7420 1780 840
1243592047 23923 -1280.96 3.06988 690 7420 1710 870
1243800928 23816.5 -1277.29 3.06943 720 7420 1570 870
1243905381 23709.4 -1272.65 3.07013 710 7420 1500 860
1244009814 23602.2 -1264.56 3.07039 700 7420 1440 850
1244114245 23495.8 -1264.27 3.06717 700 7420 1360 840
1244323126 23382.9 -1254.57 3.06633 760 7420 1320 820
1244427573 23275 -1250.99 3.06604 930 7420 1320 850
1244532000 23172.8 -1240.63 3.0665 1240 7420 1320 810
1244740868 23060.6 -1236.13 3.06593 1260 7420 1320 790
1244845392 22953.4 -1229.73 3.06202 1520 7420 1320 780
1244949765 22848 -1220.81 3.06211 1470 7420 1320 780
1245054239 22741.5 -1213.54 3.06221 1450 7420 5480 770
1245263070 22639.5 -1202.58 3.06123 1390 7420 5420 710
1245367526 22530.8 -1195.8 3.05873 1380 7420 5420 670
1245471965 22419.9 -1182.66 3.05886 1380 7420 5420 630
1245680848 22314.2 -1177.53 3.05779 1330 4950 5010 620
1245785276 22208 -1165.5 3.05795 1330 4870 4930 600
1245889754 22094.6 -1158.57 3.05631 1350 4780 4850 600
1245994245 21989.5 -1148.48 3.05477 1360 4710 4780 540
1246203092 21883.2 -1139.54 3.05407 1370 7590 4630 470
1246307522 21766.7 -1132.57 3.05301 1390 7580 4570 460
1246411951 21653.5 -1122.48 3.05298 1460 7570 4490 450
1246516403 21546 -1114.69 3.04908 1480 7560 7480 440
1246725311 21436.7 -1101.38 3.04839 1590 5240 7460 420
1246829740 21333 -1095.44 3.0485 1590 7530 7440 410
1246934171 21229.1 -1083.95 3.04818 1550 5070 5100 400
1247143108 21118.1 -1076.07 3.04291 1520 4900 4950 380
1247247500 21012.3 -1062.78 3.04426 5140 7480 4850 360
1247351931 20907.9 -1053.07 3.04327 1490 4730 3810 350
1247456401 20803 -1042.51 3.04385 1480 4640 2840 340
1247665252 20699.9 -1031.81 3.04088 1510 4470 2660 320
1247769719 20595.7 -1025.87 3.03816 1530 4400 2590 310
1247874146 20481.1 -1010.29 3.03896 1540 4310 2490 300
1247978604 20370.3 -1001.76 3.03725 1550 3490 2420 290
1248187457 20267.6 -988.179 3.03773 1570 4080 2260 380
1248291907 20159.8 -980.947 3.03352 1580 4000 2180 370
1248396338 20054.2 -969.77 3.03362 1590 3930 2110 360
1248605246 19945.2 -959.859 3.03251 1610 3750 1940 340
1248709688 19837.9 -951.221 3.03816 1620 3660 1870 330
1248814160 19734 -943.866 3.05603 1630 3590 1790 320
1248918584 19631 -940.355 3.08668 1640 3480 1720 320
1249127465 19525.8 -930.129 3.11855 1640 2750 3320 310
1249231866 19408.7 -927.707 -3.1386 1640 3240 3240 310
1249336318 19302.1 -929.438 3.13863 1650 3160 3150 300
1249440743 19198.1 -928.188 3.13781 1650 3080 2140 300
1249649668 19096.8 -926.341 3.13983 1650 2030 1970 300
1249754193 18990.5 -924.361 3.14031 1650 2810 2810 300
1249858573 18885.8 -920.679 -3.13028 1660 2730 2730 300
1250067476 18771.7 -917.686 -3.10187 1650 2580 1640 300
1250171925 18662.3 -921.585 -3.05709 1650 4820 1560 300
1250276376 18562.4 -932.208 -3.04047 1640 2900 1470 310
1250380802 18456.9 -943.713 -3.04368 1630 2360 1400 320
1250589739 18344.5 -952.752 -3.04288 1620 4510 1240 320
1250694164 18237.6 -963.785 -3.04629 1260 1580 1170 330
1250798592 18134.5 -973.065 -3.04652 1240 2860 1110 340
1251007456 18022.9 -985.039 -3.06005 1190 2660 1850 350
1251111903 17923.3 -988.745 -3.08474 1000 2590 1770 360
1251216356 17814.3 -999.27 -3.1122 1450 2490 1690 360
1251320783 17694.6 -998.735 3.13931 950 2430 1610 360
1251529677 17581.4 -1000.24 3.12331 690 3750 1460 350
1251634150 17470.5 -996.217 3.13082 700 3680 1380 350
1251738576 17357.2 -998.985 3.128 700 2130 1310 350
1251843024 17246.6 -997.469 3.13048 700 4460 1230 350
1252051912 17134.7 -993.21 3.12701 700 1900 1090 340
1252156336 17016.9 -993.489 3.12455 850 2560 1010 340
1252260768 16911.2 -988.966 3.12543 650 3340 940 320
1252469617 16802.7 -988.804 3.12444 580 2270 4680 420
1252574126 16696 -988.742 3.12238 560 2190 7470 430
1252678527 16593.4 -987.44 3.12187 560 2140 4440 430
1252782955 16487.5 -990.016 3.12042 560 2050 4350 420
1252991834 16372.9 -987.795 3.1209 580 1910 4180 420
1253096279 16269.5 -988.735 3.11974 700 3880 4480 410
1253200723 16169.4 -985.147 3.11771 730 1780 4020 380
1253409596 16061.7 -986.659 3.11858 670 3640 3700 300
1253514051 15959.2 -986.146 3.11662 650 3550 3770 310
1253618528 15852 -984.713 3.11663 660 3480 3870 310
1253722997 15741.8 -986.106 3.12662 660 3390 7340 300
1253931844 15638.2 -985.199 3.12536 660 3230 3620 300
1254036285 15538.5 -988.672 3.12491 710 3190 3250 300
1254140721 15427 -987.52 3.1262 760 3070 3500 290
1254245151 15321.1 -990.466 3.12455 730 3000 3350 290
1254454034 15212.7 -989.773 3.12109 690 2830 3110 290
1254558459 15099.2 -995.053 3.12041 680 2770 2840 280
1254662991 15000 -995.264 3.12184 690 2670 7320 280
1254871819 14892.6 -996.331 3.12262 690 2520 2610 280
1254976246 14779 -993.376 3.13253 720 2470 7320 280
1255080663 14670.7 -988.884 3.1358 700 2520 5450 270
1255185119 14565.1 -991.315 3.13229 660 2450 2400 270
1255393986 14462.1 -990.222 3.13347 600 2300 7300 270
1255498438 14351.2 -989.174 3.13447 590 2090 7310 270
1255602891 14247.9 -984.45 3.13429 600 1990 3060 260
1255707335 14137.7 -984.845 3.14123 600 2070 7300 260
1255916204 14029.3 -985.588 -3.11301 610 1800 4900 260
1256020630 13926.9 -989.695 -3.07859 670 1720 2780 270
1256229499 13772.5 -995.84 -3.05288 720 1570 2640 280
1256333967 13670.4 -1005.15 -3.05894 700 1490 4450 280
1256542821 13555.9 -1013.73 -3.05868 660 2210 7330 290
1256647252 13448.7 -1023.81 -3.05956 650 2130 4370 290
1256751720 13345.6 -1034.54 -3.05977 650 2050 4110 300
1256856185 13243.3 -1039.68 -3.0629 640 1980 4030 300
1257065049 13141 -1047 -3.0613 700 1820 3390 310
1257169453 13038.4 -1058.82 -3.0634 1640 1750 3290 320
1257273878 12924.5 -1068.46 -3.06368 1250 1680 3070 320
1257378346 12820.3 -1074.79 -3.067 720 2900 3000 320
1257587202 12720 -1084.44 -3.0675 640 2880 2860 330
1257691626 12613.2 -1093.62 -3.06542 610 2580 2770 340
1257796084 12508.2 -1100.13 -3.06716 610 2590 2660 340
1258005002 12401.2 -1109.69 -3.07141 600 2380 2490 350
1258109501 12287.4 -1119.51 -3.07264 600 2480 3200 360
1258213886 12183 -1131.73 -3.07314 660 2280 3010 360
1258318318 12084.1 -1138.7 -3.07192 630 2220 2910 360
1258527206 11971.4 -1147.12 -3.07037 580 2050 2800 370
1258631665 11863.8 -1153.45 -3.07633 580 2100 2690 380
1258736093 11762.2 -1161.67 -3.07503 570 1920 2600 380
1258945083 11648.5 -1172.72 -3.07674 580 1760 2450 390
1259049450 11549.2 -1183.76 -3.07548 720 1690 2500 390
1259153868 11445.7 -1188.76 -3.0776 1480 1630 2270 400
1259258303 11334.5 -1196.75 -3.0791 540 1680 2190 400
1259467174 11228.8 -1204.28 -3.0801 480 1550 2040 410
1259571622 11130.1 -1214.25 -3.08083 480 1490 7460 410
1259676044 11023.5 -1221.17 -3.08154 480 1800 1900 420
1259780512 10922.5 -1227.43 -3.08398 470 1710 1810 420
1259989389 10820.6 -1232.88 -3.08313 1400 1570 1660 430
1260093852 10704.9 -1241.2 -3.08478 1460 1490 1750 430
1260198274 10600.6 -1250.47 -3.08425 1440 1420 7490 430
1260302702 10492.6 -1255.4 -3.0894 800 1340 7490 430
1260511588 10379.7 -1264.31 -3.08837 730 1190 7490 440
1260616053 10272 -1264.42 -3.08651 710 1120 7490 440
1260720481 10164.8 -1265.88 -3.08712 710 1070 7500 440
1260929374 10047.1 -1267.73 -3.08913 710 7580 7490 450
1261033803 9941.85 -1273.55 -3.0935 710 7580 7500 450
1261242680 9797.48 -1278.29 -3.09217 1490 7580 6640 460
1261347132 9690.04 -1280.05 -3.09106 550 7600 3300 460
1261451560 9568.9 -1284.34 -3.09526 510 7540 6470 470
1261660485 9428.52 -1290.39 -3.09929 480 2980 6320 470
1261869407 9325.28 -1297.65 -3.10124 480 7530 2980 480
1261973811 9221.46 -1299.89 -3.10034 480 6510 6070 480
1262078251 9105.63 -1303.25 -3.09901 510 6440 5980 480
1262182690 8995.36 -1304.6 -3.105 1390 7610 4960 480
1262391541 8885.83 -1307.95 -3.10538 1420 4710 4770 480
1262495994 8769.64 -1312.31 -3.10672 1380 5980 5660 490
1262704850 8618.43 -1317.21 -3.10677 1350 7610 4540 490
1262809292 8512.94 -1317.45 -3.11077 1340 7620 5720 490
1262913734 8402.77 -1317.81 -3.1124 990 5630 5640 490
1263122661 8288.16 -1323.64 -3.11408 1050 7620 4270 490
1263227041 8185.5 -1326.4 -3.11434 950 5400 5400 490
1263435921 8036.29 -1335.26 -3.12071 910 3920 5240 500
1263540378 7937.68 -1334.21 -3.11824 910 3830 5180 500
1263644806 7822.21 -1334.42 -3.12025 920 3750 5120 500
1263853697 7710.78 -1334.89 -3.12053 1530 3600 5490 500
1263958148 7602.18 -1335.48 -3.12543 1480 3530 3640 500
1264062575 7492.18 -1336.47 -3.12641 1530 3450 5320 500
1264271426 7391.12 -1336.71 -3.12452 1600 3320 3310 500
1264375883 7285.05 -1335.03 -3.1251 1550 3240 3220 500
1264480308 7176.96 -1340.41 -3.12686 1530 4470 3140 500
1264584738 7055.83 -1343.29 -3.13135 1510 3110 3070 500
1264793617 6955.29 -1348.22 -3.1323 1500 7630 2890 500
1265002526 6801.34 -1349.11 -3.13053 1440 2830 3680 500
1265106953 6696.61 -1348.06 -3.13093 1450 3820 2660 500
1265211405 6578.46 -1348.51 -3.13637 1450 3890 3520 500
1265315883 6472.04 -1348.07 -3.13574 1450 3740 2490 500
1265524710 6365.05 -1349.29 -3.13704 1450 3420 2320 500
1265629175 6259.72 -1346.71 -3.13499 1450 3340 2240 500
1265733595 6155.34 -1344.31 -3.13758 1450 3280 2160 500
1265838021 6049.5 -1347.88 -3.14009 1450 3190 2080 500
1266046936 5932.45 -1344.43 -3.14034 1450 3090 1920 490
1266151394 5829.29 -1351.87 3.13427 1460 7620 1830 500
1266360235 5674.09 -1346.78 3.11999 1460 2790 1680 490
1266464704 5571.5 -1349.19 3.10841 1470 2540 1600 480
1266673572 5457.6 -1340.65 3.09438 1480 2520 1450 480
1266777998 5355.73 -1339.27 3.08294 1480 2440 1370 470
1266882428 5254.29 -1335.2 3.07153 1490 2350 1290 470
1266986882 5148.22 -1321.86 3.0605 1500 2290 1220 460
1267195792 5042.67 -1316.7 3.04907 1520 1980 1070 440
1267300237 4935.39 -1300.73 3.05168 1530 1920 990 430
1267404685 4817.97 -1294.36 3.05127 1540 2050 910 420
1267509112 4711.43 -1284.64 3.06009 1540 1870 850 410
1267717981 4605.92 -1276.53 3.07131 1570 1690 1580 400
1267822412 4502.15 -1272.16 3.06789 1580 1620 1490 390
1267926837 4392.1 -1261.54 3.06822 1580 1660 1420 380
1268135762 4237.89 -1254.19 3.06484 1210 1530 1260 370
1268240188 4130.62 -1246.91 3.0658 1220 1360 1170 360
1268449068 4022.91 -1242.77 3.0605 1240 1370 1020 350
1268553521 3918.19 -1226.17 3.0634 1240 4150 930 330
1268657949 3811.89 -1226.72 3.06306 1220 4060 850 330
1268866856 3707.95 -1221.25 3.06247 1270 3920 710 440
1268971312 3594.35 -1213.4 3.05931 1250 3830 740 430
1269075833 3490.12 -1213.34 3.06003 1320 3740 660 420
1269284621 3336.82 -1201.37 3.09511 1320 3600 540 400
1269493498 3178.94 -1196.41 -3.12252 1270 3430 1440 360
1269702380 3023.5 -1198.94 -3.02933 1640 3290 3230 290
1269911238 2871.86 -1222.52 -2.99698 520 1760 3080 260
1270015674 2771.06 -1239.51 -3.00026 470 2360 3000 280
1270120155 2656.23 -1252.95 -2.99664 430 2330 2920 260
1270329026 2551.96 -1266.04 -2.99988 1600 7400 2760 270
1270433453 2449.4 -1281.39 -3.0034 1600 7420 2680 270
1270537869 2338.81 -1295.7 -3.00581 1580 7420 2610 280
1270746786 2183.02 -1315.76 -3.00272 1560 6780 2460 300
1270851244 2079.57 -1328.23 -3.00203 1550 6780 2380 300
1271060157 1979.61 -1349.83 -3.00783 1530 6520 2220 320
1271164567 1874.17 -1355.79 -3.00652 1520 6440 2150 330
1271269006 1775.17 -1370.69 -3.00919 1510 6360 2080 340
1271373486 1675.92 -1386.06 -3.00808 1500 6280 1990 350
1271582302 1571.8 -1397.93 -3.0107 1480 7530 1850 370
1271791180 1418.39 -1421.97 -3.01602 1460 7530 1710 590
1272000159 1272.33 -1438.52 -3.01617 480 7520 1590 610
1272208998 1125.14 -1454.48 -3.01572 460 7520 1470 620
1272313421 1021.53 -1461.42 -3.02809 470 7520 3570 630
1272417880 916.338 -1474.91 -3.05479 420 7520 3570 630
1272522311 804.853 -1483.66 -3.08055 1100 5380 3430 630
1272731165 702.532 -1488.68 -3.10477 1080 5240 3250 640
1272835635 597.75 -1498.33 -3.12829 1110 5170 3160 640
1272940084 494.385 -1494.09 3.13166 1410 5080 3070 640
1273044488 392.313 -1492.48 3.11643 1220 5000 2980 640
1273253355 288.833 -1485.14 3.12243 850 4860 2820 630
1273357806 173.645 -1484.33 3.12135 810 4770 2740 630
1273462231 72.8962 -1484.76 3.1202 790 4690 2670 630
1273671143 -29.7774 -1481.16 3.11838 840 4530 2500 620
1273775568 -140.496 -1479.58 3.11738 1430 4460 2430 590
1273880052 -238.542 -1470.02 3.11784 1410 4390 2350 540
1273984453 -343.767 -1473.9 3.11609 1430 4310 2260 510
1274193393 -455.163 -1470.12 3.11216 1480 4150 2100 500
1274297813 -555.393 -1464.88 3.11011 1650 4080 2020 500
1274506709 -703.803 -1465.38 3.11197 1570 3890 1860 490
1274611151 -815.555 -1459.19 3.11259 1560 3840 1780 490
1274715579 -935.837 -1462.94 3.10786 1530 3780 1700 480
1274924461 -1047.04 -1453.75 3.10866 1510 3590 1540 470
1275028893 -1150.03 -1449.83 3.10695 1470 3560 1470 470
1275133409 -1261.34 -1443.32 3.10893 1470 3490 1380 470
1275342248 -1374.17 -1438.18 3.10899 1490 3270 1240 460
1275446660 -1489.72 -1443.67 3.10394 1500 3210 1160 450
1275551087 -1608.58 -1435.81 3.10418 1500 3220 1090 450
1275759942 -1759.07 -1431.09 3.10468 1560 2990 950 440
1275864408 -1864.8 -1426.4 3.10459 1720 2920 900 430
1276073317 -2027.16 -1417.95 3.10479 1710 2770 2990 420
1276177737 -2138.68 -1417.9 3.10358 3450 7540 7460 420
1276386612 -2247.27 -1410.84 3.10348 3350 7530 7460 410
1276491052 -2362.31 -1408.05 3.10315 3310 7520 3820 410
1276595475 -2462.52 -1403.17 3.10445 3260 7520 3740 390
1276699926 -2569.16 -1397.59 3.10374 3230 3590 3690 390
1276908804 -2699.59 -1395.68 3.10289 3150 3420 7410 360
1277013239 -2811.61 -1389.08 3.10155 3110 3340 3450 360
1277117719 -2922.91 -1387.03 3.10078 2170 3270 7400 350
1277326651 -3040.86 -1380.72 3.10263 2030 7460 7390 340
1277431076 -3149.66 -1374.41 3.10175 1990 7460 7380 340
1277535441 -3258.29 -1370.34 3.10146 1920 7450 7380 330
1277639902 -3380.92 -1366.03 3.11671 1900 7450 7370 330
1277848784 -3491.49 -1363.14 -3.13807 1770 7440 7370 320
1277953193 -3592.15 -1357.95 -3.09363 1810 7470 7380 320
1278057648 -3715.71 -1359.87 -3.04565 1690 7470 7390 330
1278266522 -3830.44 -1367.81 -3.0241 1500 7510 7410 360
1278370980 -3933.44 -1382.24 -3.03193 1640 7510 7420 360
1278475405 -4045.41 -1396.47 -3.03129 1530 7510 7420 370
1278579906 -4148.77 -1407.67 -3.03064 1420 7510 7430 390
1278788724 -4255.16 -1415.46 -3.02981 1270 7550 7450 400
1278893164 -4379.7 -1429.02 -3.03295 1240 7550 7460 410
1278997626 -4486.56 -1445.45 -3.03393 1210 7570 7470 420
1279102050 -4593.34 -1459.99 -3.03522 1190 7580 7480 420
1279310975 -4704.46 -1469.78 -3.03377 1170 7590 7500 440
1279415428 -4815.15 -1481.39 -3.0332 1170 7590 7500 450
1279519854 -4933.38 -1489.73 -3.03687 1140 7590 7500 450
1279728707 -5053.74 -1502.18 -3.03801 1110 7610 7520 470
1279833164 -5163.06 -1511.93 -3.04027 1110 7610 7530 470
1279937590 -5271.9 -1522.82 -3.04209 1170 7620 7530 480
1280042031 -5388.03 -1530.18 -3.04043 1110 7620 7540 490
1280250926 -5487.97 -1543.18 -3.04264 1100 7640 7550 500
1280355353 -5592.46 -1556.24 -3.04273 1110 7640 7560 510
1280459808 -5703.08 -1561.48 -3.03021 1090 7640 7570 510
1280668660 -5856.37 -1577.83 -3.00758 1010 7640 7580 530
1280877542 -6013.67 -1593.3 -3.01251 940 7640 7610 550
1281086424 -6167.66 -1613.77 -3.02681 1440 7640 7620 560
1281295330 -6328.19 -1626.95 -3.04987 690 7640 7630 580
1281504190 -6485.01 -1639.48 -3.08558 680 7640 7630 580
1281608640 -6590.57 -1644.86 -3.10918 620 7640 7630 590
1281817523 -6749.25 -1649.1 -3.10744 600 7640 7640 590
1282026386 -6909.55 -1656.84 -3.11115 610 7640 7630 590
1282235259 -7064.21 -1658.96 -3.12514 1360 7640 7640 590
1282444166 -7220.82 -1661.18 3.12236 700 7640 7630 590
1282653046 -7381.64 -1655.92 3.09903 700 7640 7620 580
1282861888 -7534.17 -1648.66 3.10546 710 7640 7610 570
1283070761 -7688.63 -1640.55 3.10592 720 7640 7600 560
1283175188 -7845 -1639.04 3.10013 730 7640 7600 550
1283384040 -8000.73 -1630.64 3.1214 780 7640 7590 540
1283592950 -8149.27 -1631.06 -3.11068 840 7640 7590 540
1283801826 -8302.84 -1638.03 -3.05486 730 7640 7590 550
1284010714 -8456.95 -1649.44 -3.00232 720 7640 7620 560
1284219593 -8607.78 -1671.99 -2.951 770 7640 7630 590
1284428456 -8755.66 -1699.83 -2.89643 1330 7640 7630 630
1284637418 -8909.46 -1738.76 -2.89523 1290 7640 7630 660
1284741790 -9016.58 -1763.52 -2.89511 1280 7640 7630 680
1284846211 -9129.06 -1796.89 -2.89655 1260 7640 7630 700
1285055102 -9281.23 -1837.17 -2.89599 1220 7640 7630 740
1285263974 -9383.06 -1859.97 -2.89746 1180 7640 7630 780
1285368404 -9481.04 -1884.69 -2.89969 1160 7640 7630 800
1285472855 -9594.09 -1914.63 -2.90099 1140 7640 7630 820
1285577314 -9694.69 -1939.51 -2.90334 1130 7640 7630 830
1285786270 -9840.14 -1980 -2.90734 1090 7640 7630 870
1285995090 -9985.71 -2013.65 -2.9048 1050 7640 7630 910
1286203955 -10086.3 -2031.92 -2.90735 1020 7640 7630 940
1286308386 -10193.5 -2057.82 -2.91221 1000 7640 7630 960
1286412808 -10292.3 -2079.04 -2.93266 980 7640 7630 980
1286517262 -10393.1 -2104.88 -2.96364 970 7640 7630 990
1286726147 -10498.9 -2120.45 -2.99436 940 7640 7630 1010
1286830573 -10601.9 -2135.82 -3.027 930 7640 7630 1020
1286935079 -10710.8 -2150.73 -3.05927 920 7640 7630 1020
1287143909 -10819.8 -2161.78 -3.08702 910 7640 7630 1030
1287248334 -10921 -2170.85 -3.10024 910 7640 7630 1030
1287352793 -11018.7 -2173.09 -3.09975 910 7640 7630 1030
1287457220 -11133.1 -2176.18 -3.09747 910 7640 7630 1030
1287666130 -11240.6 -2179.88 -3.09905 900 7640 7630 1040
1287770554 -11346.6 -2187.37 -3.10227 900 7640 7630 1040
1287875021 -11454.7 -2193.51 -3.10484 900 7640 7630 1040
1287979434 -11565.5 -2201.41 -3.10252 900 7640 7630 1040
1288188290 -11676 -2200.63 -3.10103 890 7640 7630 1040
1288292746 -11783.9 -2208.23 -3.10345 890 7640 7630 1050
1288397199 -11904.1 -2210.6 -3.10736 890 7640 7630 1050
1288606052 -12008.5 -2215.2 -3.10836 880 7640 7630 1050
1288710512 -12111.7 -2222.72 -3.10836 880 7640 7630 1060
1288814963 -12225.4 -2222.36 -3.10883 880 7640 7630 1060
1288919393 -12333.4 -2230.79 -3.11118 880 7640 7630 1060
1289128265 -12492.3 -2228.49 -3.11121 880 7640 7630 1060
1289337234 -12653 -2236.33 -3.11416 870 7640 7630 1060
1289546068 -12806.4 -2239.9 -3.11583 870 7640 7630 1070
1289650489 -12912.8 -2243.17 -3.11668 870 7640 7630 1060
1289859396 -13024.7 -2249.12 -3.11777 870 4360 7630 1070
1289963828 -13128.2 -2252.86 -3.11852 870 4280 7630 1070
1290068250 -13233.4 -2255.87 -3.12273 870 4200 7630 1070
1290277130 -13338.3 -2255.42 -3.12002 870 4130 7630 1070
1290381559 -13496.9 -2257.75 -3.12083 870 4130 7630 1070
1290590467 -13604 -2262.56 -3.12224 870 4130 7630 1070
1290694891 -13707.2 -2264.19 -3.12637 870 4130 7630 1070
1290799376 -13817.4 -2269.45 -3.12633 870 4130 7630 1070
1291008249 -13921.6 -2270.38 -3.12488 870 4130 7630 1070
1291112671 -14029.9 -2270.75 -3.12527 870 4130 7630 1070
1291217096 -14145.8 -2278.76 -3.12992 870 4130 7630 1070
1291321534 -14255.1 -2281.38 -3.12941 870 4130 7630 1070
1291530391 -14412.2 -2286.65 -3.13042 870 3060 7630 1060
1291739257 -14563 -2289.07 -3.1321 870 2900 7630 1060
1291843782 -14666.6 -2287.12 -3.13441 870 2900 7630 1060
1292052589 -14775.4 -2291.58 -3.13512 870 2670 7630 1060
1292157033 -14895.8 -2295.04 -3.13596 880 2670 7630 1060
1292261491 -14996.9 -2303.45 -3.13536 880 2670 7630 1060
1292365922 -15100.6 -2303.39 -3.13855 880 2670 7510 1060
1292574832 -15213.8 -2304.62 -3.13839 880 7330 7350 1050
1292679253 -15312.5 -2315.03 -3.13931 880 7330 7350 1050
1292783698 -15419.4 -2314.94 -3.14142 890 7330 7160 1050
1292992648 -15540.9 -2316.95 3.13795 890 7330 7010 1050
1293201442 -15699.2 -2316.09 3.14054 900 7150 5330 1040
1293305898 -15848.2 -2317.1 3.13896 900 6750 6740 1040
1293514806 -15953.7 -2316.5 3.13485 900 6950 6580 1040
1293619235 -16060.4 -2319.37 3.13382 900 6950 6500 1030
1293723685 -16175.1 -2320.19 3.1347 910 6950 6410 1030
1293932596 -16282.7 -2317.55 3.1364 910 6700 6250 1030
1294037030 -16383.3 -2314.74 3.1343 910 6270 6590 1030
1294141575 -16495.7 -2317.03 3.13139 920 6140 6510 1030
1294245906 -16603.9 -2312.33 3.13073 920 6140 6420 1020
1294454811 -16718.5 -2309.55 3.13013 930 5860 5840 1010
1294559243 -16825.1 -2303.99 3.12855 930 5850 5750 1010
1294663719 -16929.4 -2299.93 3.12777 930 5850 5680 1010
1294768158 -17038.8 -2300.5 3.13134 940 5690 5580 1010
1294977003 -17156.1 -2300.87 3.14085 940 5500 5560 1000
1295081426 -17263.3 -2303.42 -3.13292 940 5380 5340 1000
1295290312 -17424 -2304.4 -3.11365 930 5130 5160 1000
1295394763 -17524.7 -2305.25 -3.10265 920 5090 5070 1000
1295499191 -17628.1 -2307.25 -3.09336 920 5080 4990 1000
1295708111 -17744.7 -2316.74 -3.08118 910 2270 4810 1010
1295812582 -17850.4 -2321.55 -3.07115 900 4730 4720 1020
1295917008 -17946.9 -2328.8 -3.05745 900 4650 4630 1020
1296125880 -18058 -2334.96 -3.0432 890 4480 4460 1030
1296230335 -18158.2 -2342.13 -3.03386 880 4390 4370 1040
1296334800 -18264.9 -2351.96 -3.02418 870 4290 4290 1050
1296439229 -18376.2 -2367.5 -3.01364 860 4200 4200 1060
1296648151 -18479.6 -2380.94 -3.00174 830 4020 4040 1080
1296752633 -18578.5 -2389.63 -2.98807 820 3940 3960 1090
1296857012 -18689.7 -2407.29 -2.97605 810 3860 3880 1110
1297065886 -18793.6 -2427.73 -2.98156 790 3690 3730 1130
1297170347 -18893.5 -2441.38 -2.98195 780 3610 3660 1140
1297274767 -18998.9 -2461.8 -2.98674 770 3530 3570 1150
1297379206 -19100.5 -2477.52 -3.00418 750 3450 3460 1160
1297588132 -19200.4 -2483.68 -3.0344 740 3290 3300 1180
1297692554 -19295.8 -2499.07 -3.08464 730 3210 3210 1180
1297797019 -19416.2 -2501.93 3.1325 730 3130 3130 1180
1297901505 -19529.5 -2500.13 3.05546 740 3040 3050 1180
1298110324 -19629.5 -2486.98 2.96962 770 2850 2930 1150
1298214744 -19745.3 -2474.2 2.89378 800 2770 2840 1140
1298319185 -19849.9 -2444.14 2.82989 840 2690 2760 1120
1298528065 -20004.7 -2392.68 2.75321 920 2540 2630 1070
1298632494 -20104.3 -2354.92 2.71237 960 2510 2560 1040
1298841402 -20200.9 -2300.51 2.6658 1060 2330 2430 970
1299050374 -20336.9 -2232.63 2.60369 1160 2190 2300 910
1299154732 -20465.8 -2168.1 2.56582 2470 2130 2250 840
1299259164 -20565.8 -2102.33 2.52918 2410 2050 2970 820
1299468069 -20647 -2035.81 2.49391 2340 1920 2030 760
1299572515 -20787 -1934.73 2.43573 2320 1900 1980 720
1299781417 -20918.8 -1827.01 2.38118 2270 1750 2560 670
1299990273 -21002 -1751.51 2.35389 1670 2370 2420 650
1300094739 -21079.3 -1676.07 2.3276 1720 2300 2320 670
1300199170 -21146.5 -1594.47 2.30225 1670 2200 2600 850
1300303598 -21215 -1514.72 2.2671 1640 2100 2170 830
1300512481 -21333.1 -1380.27 2.19633 1630 1980 2060 640
1300721393 -21398.8 -1293.24 2.13514 1630 1780 1860 560
1300825819 -21450.4 -1200.56 2.05862 1620 1720 2180 530
1300930257 -21502.8 -1097.22 1.96158 1570 1630 2140 500
1301034688 -21540 -1000.44 1.85311 1530 1560 1680 480
1301243576 -21568.7 -906.618 1.73379 1680 2130 4310 440
1301348026 -21595.4 -796.375 1.66067 1670 4160 4240 430
1301452529 -21606 -690.322 1.65572 1670 3190 4180 420
1301661422 -21626.2 -570.953 1.62372 1260 3030 4020 420
1301870198 -21631.2 -418.38 1.61171 1180 2870 2970 410
1301974632 -21632.6 -316.064 1.59799 1100 2830 3830 400
1302079083 -21636.1 -209.08 1.58576 1070 2730 2830 400
1302183506 -21634.2 -94.7408 1.57534 1050 3570 3680 400
1302392409 -21634.8 19.2659 1.56354 1050 3390 3650 380
1302496840 -21634.4 127.219 1.55108 1040 3320 3430 400
1302705774 -21630.8 281.182 1.53207 1040 3180 3290 900
1302914650 -21623 423.561 1.51543 1060 3050 3170 890
1303019108 -21615.3 532.304 1.50274 1060 3010 3170 880
1303123537 -21607.3 638.794 1.49025 1070 2940 3030 870
1303332445 -21596.2 739.608 1.47735 1090 2940 2970 860
1303436866 -21577 889.75 1.46022 1100 2730 2870 850
1303645757 -21558.6 1037.37 1.44474 1120 2600 2690 830
1303854631 -21535.1 1187.81 1.42658 1160 2470 2500 800
1304063545 -21522.2 1290.56 1.41335 1200 2380 2410 780
1304167979 -21504.6 1411.65 1.40303 1210 2310 2310 760
1304272428 -21489.9 1518.38 1.39059 1230 2230 2240 750
1304481339 -21464.1 1675.57 1.37561 1270 2090 2020 710
1304690209 -21435.5 1822.77 1.37789 1300 1900 1930 680
1304794658 -21415.5 1927.13 1.38094 1320 1820 1840 660
1305003580 -21397.5 2027.35 1.40404 1350 1680 1600 630
1305108035 -21375.9 2170.66 1.46403 1360 1620 1540 620
1305316924 -21358.9 2314.79 1.55883 1370 1490 1360 600
1305525790 -21357.6 2463.14 1.63023 1350 4850 1220 600
1305734647 -21367.9 2572.55 1.6346 1390 4750 1080 610
1305839088 -21379.1 2720.07 1.65578 1420 4680 4570 610
1306048002 -21382.6 2822.85 1.66899 1440 4460 2560 620
1306152437 -21395.4 2938.36 1.67966 1440 2370 4340 630
1306256892 -21405.9 3050.25 1.67732 1430 2290 4260 640
1306361349 -21419.2 3156.24 1.67389 1400 4400 2350 640
1306570261 -21432.6 3268.44 1.67428 1330 4250 2250 660
1306674651 -21441.5 3366.87 1.67535 1290 4190 3950 670
1306779066 -21453.1 3471.76 1.67037 1290 4110 3870 670
1306987938 -21465.4 3594.6 1.65325 1280 3960 3710 370
1307092366 -21475.4 3698.22 1.64181 1280 3900 3630 350
1307196818 -21482.2 3811.57 1.62852 1270 3820 3550 340
1307301258 -21490.7 3925.22 1.60691 1270 3760 3470 340
1307510152 -21489.2 4034.19 1.57155 1280 6470 3300 340
1307614606 -21490.9 4141.74 1.51751 1380 3320 3220 350
1307719085 -21488.5 4249.45 1.45116 1390 3220 3140 350
1307927915 -21475.8 4348.02 1.40504 1420 2990 1300 320
1308032347 -21452.9 4486.34 1.42561 1420 2910 1220 300
1308241238 -21432.2 4628.32 1.4541 1430 2800 2760 300
1308450128 -21418.8 4774.4 1.50977 1400 2630 2600 600
1308658994 -21409.8 4879.61 1.53865 1380 2530 2450 590
1308763430 -21407.7 4981.76 1.54612 1380 2480 2370 580
1308867904 -21404.8 5084.85 1.5415 1390 2410 2290 580
1308972273 -21399.4 5201.31 1.52276 1400 5230 2210 580
1309181165 -21395 5313.71 1.50354 1790 5100 2060 560
1309285622 -21387.9 5421.82 1.48099 1800 2080 1980 550
1309390073 -21376.9 5534.99 1.45486 1820 5010 1900 540
1309494513 -21366.7 5644.11 1.45089 1830 3050 1820 510
1309703409 -21352.2 5741.95 1.46103 1850 1690 1660 560
1309807854 -21341 5860.7 1.45736 1860 2790 1580 600
1309912301 -21331.9 5970.91 1.46616 1880 1540 1510 590
1310121199 -21319.4 6077.32 1.48494 1900 4410 1350 570
1310225650 -21311.6 6180.87 1.47832 2210 4300 1280 560
1310434548 -21293.5 6339.5 1.48192 2230 4160 1120 540
1310538990 -21284.2 6442 1.48089 2110 4040 1050 540
1310643435 -21278.1 6544.95 1.48263 2250 3950 990 520
1310852291 -21266.4 6654.97 1.49774 2270 3780 850 500
1311061186 -21256.2 6799.11 1.54222 2050 3620 1790 490
1311165635 -21251.3 6949.99 1.54764 2270 3550 1710 490
1311374527 -21251.1 7105.77 1.54506 1970 3400 1560 490
1311583442 -21242.6 7210.91 1.54503 1980 3240 1400 450
1311687857 -21244.2 7315.98 1.5434 1980 3150 1320 390
1311792289 -21241 7422.25 1.54112 1980 3070 1250 360
1311896755 -21235.7 7515.98 1.54268 1990 3000 1160 360
1312105645 -21232.6 7615.85 1.54095 1990 2840 1000 360
1312210187 -21226.9 7730.56 1.54072 2000 2760 930 350
1312314535 -21227.2 7825.85 1.53903 2000 2680 850 350
1312523426 -21226 7920.81 1.55318 2010 2530 2460 340
1312627907 -21223.3 8026.03 1.58505 2010 2430 2380 340
1312732270 -21226.9 8121.72 1.6262 2000 2360 2300 340
1312836699 -21235.5 8210.67 1.68162 2000 3320 2220 340
1313045622 -21247.9 8304.46 1.75196 1980 3180 2080 370
1313150068 -21269.9 8401.42 1.84326 1970 3100 2010 400
1313254470 -21299.7 8488.06 1.94539 1950 3040 1950 420
1313463408 -21334.2 8579.37 2.07207 1900 2610 2730 1910
1313567833 -21381.3 8663.87 2.19925 1880 2530 2630 1100
1313672273 -21434.6 8736.84 2.34062 1850 2460 2560 1080
1313776708 -21502.4 8803.77 2.49762 1860 2390 2500 1730
1313985577 -21575.4 8855.72 2.64326 3340 1700 2100 1740
1314090057 -21650.2 8897.14 2.7879 3330 1600 1710 1740
1314194455 -21743.7 8928.37 2.92537 3310 1550 1620 1800
1314298934 -21834.3 8949.8 3.04969 3290 1460 1540 3320
1314507787 -21921.5 8957.47 -3.09923 3240 1300 1380 3220
1314612239 -22013.2 8955.8 -2.94779 3230 1240 1300 2250
1314716684 -22098.4 8942.1 -2.80822 3500 1180 1200 2200
1314925557 -22182.7 8916.23 -2.67419 3480 1070 1050 1750
1315030053 -22270.9 8872.61 -2.54999 3470 1020 1000 1520
1315134465 -22346.3 8821.31 -2.45094 3460 980 930 1670
1315238999 -22415.5 8763.88 -2.34868 3450 2840 890 1550
1315447821 -22484.1 8698.87 -2.23434 3410 2690 2770 810
1315552242 -22538.8 8619.11 -2.13341 3390 2620 2690 760
1315656724 -22588.8 8548.27 -2.03118 3370 2540 2600 700
1315865559 -22629.4 8459.87 -1.92587 1800 2390 2430 620
1315970044 -22669.6 8355 -1.80064 1790 2310 2320 590
1316074439 -22692.3 8254.41 -1.6901 1800 2260 2240 570
1316283345 -22709.8 8154.24 -1.59468 1790 2150 2130 550
1316492226 -22717.5 7991.43 -1.48858 1790 2680 2010 560
1316596671 -22704.7 7889.45 -1.45554 1780 2610 1960 570
1316701113 -22700 7779.66 -1.42895 1770 2550 1910 580
1316805561 -22675.3 7671.42 -1.43905 1760 2480 2490 590
1317014444 -22661 7552.11 -1.43815 1730 2320 2320 610
1317118876 -22646.5 7450.07 -1.43908 1730 2260 2240 620
1317223357 -22625.9 7339.24 -1.4401 1700 3290 2270 630
1317432181 -22612.5 7194.98 -1.44072 1760 3110 2180 660
1317536665 -22603.6 7099.69 -1.44025 1740 3030 3020 980
1317745464 -22587.8 6984.45 -1.4423 1770 2890 2870 990
1317849918 -22572.3 6862.63 -1.43278 1770 2830 1860 1000
1317954372 -22553.2 6750.89 -1.41546 1750 2750 1790 1010
1318058809 -22537.4 6644.16 -1.39852 1740 2680 1700 1030
1318267694 -22516.4 6532.45 -1.38344 1720 2540 1550 900
1318372161 -22496.8 6419.64 -1.36949 1700 2470 1490 860
1318476588 -22475.6 6313.99 -1.35581 1690 2390 2310 840
1318685506 -22450.7 6207.82 -1.34001 1660 2270 2380 830
1318789897 -22428.8 6108.52 -1.33485 1640 2270 3480 840
1318894321 -22404.1 6005.28 -1.3368 1620 2150 2250 860
1318998756 -22378 5899.93 -1.33769 1600 2060 3320 880
1319207645 -22354.3 5790.19 -1.33934 1520 1940 3180 910
1319312076 -22331.4 5691.06 -1.34093 1500 1940 3100 930
1319416513 -22306 5592.47 -1.34128 1420 1940 3020 720
1319625411 -22273.2 5440.07 -1.33975 1380 2140 2880 660
1319729829 -22249.5 5333.08 -1.34275 1360 4270 2810 650
1319938709 -22226 5221.1 -1.34558 1330 4270 2670 650
1320043137 -22199.5 5107.54 -1.3487 1310 4270 2600 670
1320147600 -22172.6 5004.48 -1.34718 1300 4270 2530 680
1320356566 -22156.1 4893.43 -1.34429 1260 4270 2390 730
1320460928 -22129.3 4783.43 -1.35729 1030 4270 2340 840
1320565354 -22106.4 4664.6 -1.38506 950 4270 2260 850
1320669792 -22087.6 4556.06 -1.42543 900 4270 2210 860
1320878720 -22064.7 4417.35 -1.49645 850 4270 6490 870
1320983113 -22058.3 4316.92 -1.52935 840 4270 6410 880
1321191983 -22053.7 4210.82 -1.51166 850 7510 1840 830
1321296408 -22045 4104.04 -1.51676 840 7420 2930 810
1321400862 -22041.8 4005.72 -1.51635 820 7330 1710 790
1321505335 -22031.6 3902 -1.51875 820 7260 2780 770
1321714223 -22030.7 3804.49 -1.51717 820 3790 2640 790
1321923095 -22019.4 3651.04 -1.51998 870 6920 5720 800
1322027527 -22015.3 3542.25 -1.51993 1160 6820 5630 800
1322131949 -22006.1 3428.6 -1.52461 1160 3390 3460 790
1322340839 -21994.8 3274.31 -1.52312 1150 6500 2190 880
1322445269 -21991.6 3171.22 -1.52142 1150 6500 5040 910
1322654165 -21985 3069.03 -1.52345 1150 6300 4700 920
1322758632 -21981.5 2953.75 -1.52689 1140 6300 4620 930
1322863050 -21977.5 2850.08 -1.52914 1140 2860 4520 930
1322967474 -21973.8 2748.2 -1.52729 1140 6020 4450 880
1323176360 -21973.4 2635.02 -1.52574 1140 5850 4310 830
1323280823 -21968 2532.52 -1.52772 1130 2550 4220 820
1323385255 -21962.1 2421.26 -1.53216 1130 2480 4130 830
1323594202 -21958.4 2305.04 -1.53257 1130 5510 3980 840
1323698595 -21952.7 2196.42 -1.53335 1130 2290 3900 840
1323803054 -21952.3 2094.2 -1.53125 1120 5340 3830 840
1323907508 -21947.8 1979.2 -1.53395 1120 5240 3740 840
1324116396 -21943.2 1873.21 -1.53565 1120 5090 3590 840
1324220791 -21940.1 1759.31 -1.53675 1120 5020 3510 850
1324325257 -21936.7 1643.76 -1.53805 1110 4880 3440 850
1324429688 -21931.7 1541.94 -1.53628 1110 2320 3360 850
1324638584 -21931.1 1431.44 -1.53877 1110 4620 3220 850
1324743062 -21928 1320.2 -1.54045 1110 4540 3150 850
1324847463 -21924.2 1208.42 -1.54146 1110 1870 3070 850
1325056340 -21922.9 1101.43 -1.54165 1100 4280 2930 840
1325160799 -21916.7 1001.05 -1.54449 1100 4190 2860 840
1325265240 -21917.1 882.523 -1.54381 1100 4110 2800 840
1325369694 -21913.3 773.59 -1.54442 1100 4020 2730 840
1325578561 -21909.8 668.373 -1.54636 1100 3850 2990 840
1325683009 -21909.1 559.98 -1.5473 1100 3770 2910 840
1325787446 -21904.8 454.939 -1.5521 1020 3680 2830 840
1325891905 -21903.7 357.124 -1.55057 650 3600 2750 840
1326100726 -21900.8 241.641 -1.55097 590 3430 2610 840
1326205176 -21896.3 135.74 -1.55165 580 3350 2540 850
1326309616 -21898.1 30.4794 -1.55422 560 3270 2460 860
1326518511 -21896.3 -74.4223 -1.55729 580 3100 3150 880
1326622969 -21895.3 -172.063 -1.55619 590 3020 3070 920
1326727430 -21896.3 -281.849 -1.55475 590 2940 2180 1480
1326831852 -21894.1 -405.206 -1.55642 600 2860 2090 1480
1327040730 -21889.1 -513.214 -1.55246 610 2690 2730 1480
1327145177 -21889 -620.648 -1.53055 600 2600 2650 1480
1327249650 -21879.3 -723.01 -1.49568 620 2520 2560 1480
1327458544 -21868.7 -868.768 -1.40898 680 2370 2400 1350
1327563002 -21848.3 -971.214 -1.34052 700 2290 2310 1510
1327771851 -21811.7 -1111.68 -1.2028 1030 2150 2150 1580
1327980736 -21777.7 -1180.15 -1.09871 1010 2040 2020 1460
1328085161 -21738.3 -1264.57 -0.982513 990 2040 1950 1430
1328189625 -21686.3 -1340.5 -0.862268 950 2040 1900 1430
1328294082 -21631.6 -1403.04 -0.767699 920 2040 1870 1460
1328503035 -21529.5 -1514.58 -0.665937 1070 2040 1870 1800
1328711888 -21439.7 -1588.35 -0.678316 810 2040 2050 1700
1328816317 -21361.2 -1666.51 -0.676767 770 2040 2050 1630
1328920765 -21281.4 -1738.63 -0.673059 750 2040 2050 1590
1329129657 -21189.9 -1811.11 -0.674587 750 2040 2050 1480
1329234128 -21106.5 -1888.85 -0.677931 1140 2040 2050 1430
1329338582 -21015.8 -1970.04 -0.680996 1190 2040 2050 1380
1329442984 -20920.4 -2041.46 -0.667873 1190 2040 2050 1320
1329651907 -20841.6 -2103.16 -0.640536 1190 3320 2050 1210
1329756296 -20757.7 -2163.68 -0.598897 1190 3150 2050 1160
1329860747 -20669.6 -2225.74 -0.541385 970 3070 2050 1110
1330069644 -20539.1 -2295.35 -0.431873 1040 2920 2050 1010
1330174096 -20453.3 -2335.48 -0.342186 1040 2920 2050 970
1330382994 -20364.2 -2369.85 -0.234953 1050 2920 2050 910
1330487449 -20270.1 -2397.19 -0.127688 1050 2920 2050 890
1330696327 -20109 -2413.26 -0.123998 1070 2920 2050 860
1330800781 -20010.9 -2426.87 -0.12141 1080 2920 2050 850
1330905205 -19909.1 -2437.54 -0.119015 1090 2920 2320 830
1331114167 -19801 -2450.34 -0.11928 1110 2920 2150 810
1331218551 -19692 -2464.84 -0.123945 1120 2920 2080 800
1331322972 -19584.5 -2481.48 -0.121926 1140 2920 2000 790
1331531850 -19469.6 -2491.06 -0.121523 1160 2920 1860 760
1331636278 -19368.9 -2502.1 -0.102651 1170 2920 1860 750
1331740731 -19265.8 -2514.55 -0.0709224 1170 2920 1860 740
1331845157 -19151.3 -2519.92 -0.0259315 1180 2920 1860 730
1332054063 -19042.5 -2530.14 -0.00501521 1180 2920 1860 730
1332158523 -18931.8 -2527.24 -0.0147342 1190 2920 1860 720
1332263007 -18821.1 -2532.11 -0.0102643 1190 2920 1860 720
1332367404 -18712.7 -2534.2 -0.0119118 1190 2920 1860 720
1332576287 -18608.6 -2532.93 -0.0120993 1190 2920 1860 720
1332680714 -18490.9 -2532.23 -0.0179372 1190 2920 1860 720
1332785167 -18385.8 -2535.48 -0.0177888 1200 2920 1860 720
1332994030 -18279.5 -2533.09 -0.018142 1200 2920 1860 720
1333098468 -18167.1 -2538.67 -0.0170371 1200 2920 1860 720
1333202964 -18063.3 -2540.1 -0.0179968 1200 2920 1860 720
1333307358 -17955.2 -2543.82 -0.0214044 1210 2920 1860 710
1333516245 -17840.9 -2551.86 -0.020475 1210 2920 1860 710
1333620692 -17733.4 -2550.88 -0.0223102 1220 2920 1860 720
1333829575 -17576.8 -2552.96 -0.0271021 1220 2920 1860 710
1333934037 -17477.2 -2555.7 -0.0256998 1220 2920 1860 720
1334038472 -17366.4 -2555.58 -0.0280679 1230 2920 1860 720
1334247367 -17259.2 -2563.25 -0.0273145 1230 2920 1860 710
1334351794 -17152.3 -2565.74 -0.0310084 1230 2920 1860 710
1334456227 -17043.4 -2569.71 -0.0297474 1240 2920 1860 700
1334665098 -16938.5 -2574.87 -0.0286869 1250 2920 1860 700
1334769525 -16841.6 -2572.33 -0.029623 1250 2920 1860 690
1334873967 -16729.3 -2577.27 -0.0309524 1250 2920 1860 690
1334978422 -16625 -2580.75 -0.0358569 1260 2920 1860 680
1335187282 -16521.2 -2583.65 -0.0340234 1260 2920 1860 680
1335291745 -16417.4 -2585.92 -0.0329478 1270 2920 1860 670
1335396205 -16304.3 -2589.84 -0.0327776 1270 2920 1860 670
1335500635 -16199.2 -2588.03 -0.036523 1280 2920 1860 660
1335709533 -16090.3 -2594.4 -0.0366836 770 2920 1860 650
1335813999 -15981.7 -2590.12 -0.0373768 750 2920 1860 650
1335918428 -15881 -2592.97 -0.0268014 1290 2920 1860 650
1336127337 -15769.4 -2595.34 0.00143593 1300 2920 1860 640
1336231783 -15664.4 -2592.3 0.0402087 1290 2920 1860 640
1336336216 -15558 -2589.76 0.0868286 1290 2920 1860 650
1336440637 -15445.4 -2578.2 0.123308 1280 2920 1860 650
1336649575 -15340 -2558.56 0.119739 1260 2920 1860 680
1336753953 -15238.2 -2548.78 0.122316 1250 2920 1860 690
1336858405 -15135.2 -2533.38 0.120351 1240 2920 1860 690
1336962836 -15018.1 -2519.67 0.120956 1240 2920 1860 700
1337171812 -14915.9 -2508.1 0.127646 1220 2920 1860 720
1337276197 -14816.3 -2492.1 0.147878 1210 2920 1860 730
1337380645 -14709.6 -2477.11 0.175428 1190 2920 1860 750
1337589517 -14609.9 -2455.67 0.180003 1170 2920 1860 770
1337693957 -14506.8 -2430.63 0.174524 1150 2920 1860 790
1337798383 -14394.2 -2412.48 0.174799 1140 2920 1860 800
1337902815 -14296.9 -2389.55 0.17312 1130 2920 1860 820
1338111668 -14196.4 -2368.08 0.175825 1100 2920 1860 840
1338216156 -14091 -2347.53 0.173592 1090 2920 1860 860
1338320632 -13979.8 -2322.8 0.171081 1070 2920 1860 870
1338425041 -13870.7 -2301.07 0.170948 1060 2920 1860 880
1338633912 -13767.5 -2278.99 0.169796 1030 2920 1860 910
1338738339 -13662.5 -2250.6 0.166969 1020 2920 1860 920
1338842766 -13561.7 -2234.9 0.169155 1010 2920 1860 940
1339051688 -13459.4 -2211.38 0.168235 980 2920 1860 960
1339156131 -13345.2 -2189.49 0.166498 970 2920 1860 980
1339260585 -13244.9 -2164.55 0.165106 960 2920 1860 990
1339365010 -13141 -2142.96 0.161681 940 2920 1860 1000
1339573892 -13032.2 -2124.14 0.164586 920 2920 1860 1030
1339678321 -12932.7 -2105.02 0.164369 910 2920 1860 1040
1339782751 -12823.1 -2086.62 0.161636 890 2920 1860 1050
1339991645 -12709.2 -2068 0.159453 870 2920 1860 1080
1340096069 -12609.9 -2050.93 0.157199 850 2920 1860 1090
1340304966 -12462.8 -2027.82 0.159957 830 2920 1860 1120
1340409404 -12356.9 -2010.51 0.158442 820 2920 1860 1130
1340514313 -12237.2 -1993.28 0.145715 800 2920 1860 1140
1340722710 -12129.2 -1977.16 0.118439 780 2920 1860 1160
1340827171 -12024.4 -1963.99 0.0777929 770 2920 1860 1170
1340931628 -11892.4 -1954.21 0.0149109 770 2920 1860 1170
1341140850 -11786.5 -1951.63 -0.00767458 770 2920 1860 1170
1341244945 -11676.5 -1951.83 0.00389109 770 2920 1860 1170
1341349413 -11569 -1950.78 0.00147208 770 2920 1860 1170
1341558253 -11468.8 -1949.73 0.000510289 770 2920 1860 1170
1341662686 -11367 -1946.27 -0.00154018 770 2920 1860 1170
1341767207 -11265.3 -1949.96 -0.00104775 770 2920 1860 1170
1341871574 -11164.1 -1950.51 -0.0034021 780 2920 1860 1160
1342080465 -11045.3 -1951.35 -0.00463502 780 2920 1860 1160
1342184942 -10945.4 -1951.69 -0.00853277 780 2920 1860 1160
1342289373 -10844.4 -1949.17 -0.00954493 780 2920 1860 1160
1342393818 -10738.3 -1952.74 -0.00794477 780 2920 1860 1160
1342602684 -10618 -1952.01 -0.00864217 790 2920 1860 1160
1342707153 -10507.9 -1945.89 -0.0123013 790 2920 1860 1160
1342811640 -10399.4 -1951.06 -0.0137511 790 2920 1860 1150
1343020470 -10285.4 -1951.76 -0.0135105 790 2920 1860 1150
1343124920 -10186.1 -1952.7 -0.0129443 790 2920 1860 1150
1343229401 -10075.9 -1954.61 -0.0140849 800 2920 1860 1150
1343333775 -9966.39 -1952.21 -0.0176738 800 2920 1860 1140
1343542653 -9863.14 -1956.63 -0.0170671 800 2920 1860 1140
1343647142 -9757 -1956.6 -0.019157 810 2920 3260 1140
1343751510 -9645.73 -1955.61 -0.0186316 810 2920 3260 1130
1343855961 -9543.96 -1959.95 -0.0213203 810 2920 3140 1130
1344064835 -9437.76 -1960.67 -0.0224269 820 2920 2950 1130
1344169286 -9317.09 -1962.66 -0.0245537 820 2920 2860 1130
1344273728 -9211.32 -1968.79 -0.0225322 820 2920 2750 1120
1344482621 -9093.07 -1968.17 -0.0278483 830 2920 2590 1120
1344587054 -8992.43 -1973 -0.0262169 830 2920 2490 1120
1344691462 -8888.81 -1976.56 -0.0258531 830 7420 2420 1110
1344795906 -8772.32 -1975.74 -0.0280299 830 7310 2350 500
1345004764 -8663.92 -1983.02 -0.0315718 840 7170 2170 490
1345109214 -8560.01 -1984.12 -0.0332325 840 7090 2090 490
1345213654 -8452.29 -1989.99 -0.0307362 840 7020 2020 490
1345422548 -8347.05 -1994.35 -0.0311435 850 6850 1850 500
1345527057 -8244.59 -1998.24 -0.0337357 860 6780 1780 480
1345631438 -8128.03 -2003.17 -0.0369129 860 6700 1690 480
1345735879 -8026.22 -2006.77 -0.0364024 860 6620 1610 490
1345944768 -7897.08 -2009.39 -0.0372167 870 6470 6500 470
1346049237 -7780.38 -2014.91 -0.0356935 870 3940 6430 470
1346258129 -7672.1 -2016.71 -0.0399777 880 3770 6280 470
1346362585 -7565 -2017.84 -0.0333733 880 3770 6200 460
1346467016 -7453.39 -2024.05 -0.00794711 880 3630 7580 460
1346571444 -7347.33 -2022.76 0.0262211 880 3520 3610 360
1346780316 -7254.27 -2022.61 0.0599646 880 3370 3440 780
1346884743 -7136.64 -2013.42 0.0541608 870 3300 3380 360
1346989759 -7032.83 -2009.3 0.0548062 870 3210 3280 350
1347093677 -6927.55 -2004.37 0.0544916 860 3140 3230 370
1347302588 -6815.34 -1995.82 0.0524833 860 3000 7430 360
1347407022 -6712.9 -1987.21 0.0492584 850 2890 7430 380
1347511450 -6606.57 -1984.16 0.0522622 850 2820 7430 490
1347720322 -6493.84 -1976.91 0.0504708 840 2670 6230 1140
1347824791 -6378.95 -1968.77 0.0486247 840 2580 2670 890
1347929216 -6271.95 -1964.14 0.0445268 830 2500 2670 960
1348033661 -6153.65 -1957.94 0.0444647 830 2440 5000 700
1348242538 -6048.69 -1959.51 0.0484535 820 2260 2380 760
1348346956 -5943.68 -1957.04 0.0473649 820 2190 2380 770
1348451407 -5828.66 -1948.61 0.0456387 820 2110 2230 780
1348660267 -5718.98 -1944.71 0.0427262 810 1960 4630 780
1348764721 -5607.69 -1937.7 0.0420777 810 1880 1990 780
1348869149 -5499.6 -1935.1 0.0438604 810 1810 5190 790
1348973628 -5393.85 -1929.31 0.0500048 800 1730 4330 800
1349182498 -5289.68 -1920.14 0.0688545 800 1610 4330 780
1349287017 -5177.72 -1912.1 0.105491 790 1550 6430 790
1349391410 -5077.72 -1902.85 0.151771 780 1460 6330 810
1349495855 -4983.49 -1887.26 0.209977 770 1390 6250 850
1349704749 -4888.47 -1872.68 0.229354 740 1240 6070 880
1349809202 -4785.76 -1846.27 0.22158 720 1170 2050 910
1349913630 -4684.17 -1825.06 0.213314 700 1100 5900 1080
1350018072 -4586.49 -1803.96 0.184889 680 1050 5820 1110
1350226968 -4483.25 -1786.23 0.142274 650 1660 5080 1300
1350331396 -4382.55 -1772.19 0.0891141 640 5540 5000 1320
1350435905 -4276.15 -1764.85 0.0317226 640 5450 4920 2540
1350644707 -4162.18 -1754.46 -0.0139772 640 4770 4760 2550
1350749181 -4055.03 -1759.45 -0.00413463 640 4690 4680 2560
1350853610 -3949.28 -1759.15 -0.00256092 640 4620 4600 2580
1351062521 -3819.27 -1757.32 0.0161173 620 4970 4170 2610
1351166985 -3718.57 -1758.64 0.0161845 620 4910 4370 2630
1351271403 -3600.84 -1757.67 0.0133265 620 3010 3090 2660
1351480299 -3487.08 -1755.29 0.0135925 620 2840 4130 2680
1351584706 -3383.83 -1755.03 0.0123653 620 4560 4060 2680
1351689135 -3264.78 -1748.73 0.0102529 620 2670 2780 2680
1351793578 -3159 -1749.36 0.00908385 620 4410 3890 2680
1352002462 -3052.13 -1746.85 0.00963813 620 4260 3470 2680
1352106928 -2928.53 -1746.76 0.00917618 620 2370 3670 2680
1352211428 -2812.73 -1749.56 0.00992001 620 2270 2390 1760
1352420314 -2708.54 -1748.45 0.00535085 630 2110 2230 1670
1352524692 -2598.92 -1750.38 0.00765759 630 2030 3100 1630
1352629135 -2486.23 -1747.98 0.00861659 640 2930 3280 1630
1352733560 -2386.11 -1749.09 0.00634218 640 3670 2920 1600
1352942461 -2278.25 -1745.3 0.00450876 630 1750 2780 1440
1353151388 -2123.51 -1745.85 0.00193127 630 3330 2910 1380
1353360250 -1968.71 -1748.7 0.00482098 630 1460 2770 1340
1353464679 -1861.95 -1750.09 0.0040922 630 3100 2390 1320
1353673537 -1690.08 -1747.8 -0.00494192 640 2940 2570 1310
1353882457 -1541.84 -1748.77 -0.00318925 640 2790 2430 1310
1354091364 -1393.24 -1750.4 -0.00455518 640 2640 2330 1300
1354195865 -1289.38 -1749.42 -0.00672412 640 2560 2250 1380
1354300263 -1173.14 -1744.83 -0.0102004 640 2490 2200 1370
1354404688 -1066.15 -1749.24 -0.00940262 640 2400 2520 1480
1354613569 -962.632 -1749.39 -0.010598 650 2260 2380 1420
1354822444 -819.745 -1753.01 -0.0140251 650 2110 3540 1380
1354926865 -741.908 -1755.24 -0.0151676 650 2040 2200 1320
1355031339 -646.621 -1755.25 -0.0164283 650 1970 3060 1300
1355135750 -556.753 -1759.63 -0.0162655 640 1900 2000 1320
1355344678 -461.542 -1758.58 -0.0186618 720 1760 1880 720
1355449049 -356.085 -1759.18 -0.021041 760 1700 1830 680
1355553510 -252.057 -1762.3 -0.0158121 770 1630 2940 670
1355657936 -151.456 -1763.09 -0.00234482 770 1570 1700 670
1355866857 -42.9606 -1763.15 0.0242217 770 3670 2420 1150
1356075760 90.4603 -1758.32 0.0182681 770 1350 2210 1070
1356284645 175.991 -1755.5 0.0191398 770 1280 2100 1030
1356389060 225.128 -1757.03 0.0240875 770 1230 2060 1020
1356597950 223.804 -1756.14 0.0187831 770 3320 2010 920
1356806819 229.835 -1754.76 0.0187505 770 3330 2020 990
1357015724 232.343 -1753.91 0.0190565 770 3320 2020 990
1357224578 233.613 -1753.92 0.0190711 770 3330 2020 990
1357433455 233.892 -1754.34 0.019309 770 3320 2020 990
1357642335 233.654 -1754.36 0.0193224 770 3330 2020 990
1357851205 233.544 -1754.22 0.0192535 770 3320 2020 990
1358060150 233.718 -1754.19 0.019315 770 3320 2020 990
