726645 97.0807 -19973.4 0.0602618 1890 3310 4760 1460
726821 114.881 -19965 0.0963896 2190 2880 4330 1790
726986 132.426 -19955 0.0715847 2120 3400 3700 1860
727151 151.84 -19950.6 0.0715407 2020 3670 3790 1940
727327 169.503 -19953.3 0.0778191 1930 1870 1900 2060
727503 186.973 -19957.5 0.0795782 1870 5670 5710 2180
727668 221.106 -19939.1 0.0611757 1580 4370 4410 2190
727833 291.599 -19865.8 0.06294 1410 3060 7010 1230
728009 352.31 -19795.6 0.069672 1410 3060 7010 1230
728174 448.455 -19747.2 0.0774525 1410 3060 7010 1230
728350 536.454 -19788 0.0425755 1410 3060 7010 1230
728526 640.113 -19876.7 -0.0161536 1400 2760 5730 1220
728691 753.793 -19987.7 -0.0752883 1380 2920 4480 1230
728867 861.896 -20084.9 -0.11628 1310 3110 7080 1280
729043 962.795 -20131.4 -0.137334 1220 3190 3220 1370
729208 1063.17 -20126.5 -0.122452 1170 7010 7050 1410
729384 1179.83 -20089.8 -0.0827205 1150 4440 4470 1120
729560 1319.39 -20027.9 -0.0374221 1200 5620 5650 1370
729736 1442.1 -19976 -0.00811149 1250 6870 6910 1320
729901 1551.37 -19958.8 0.0267265 1320 3020 3050 1260
730077 1654.52 -19981.7 0.0140941 1410 6980 4760 1200
730242 1759.72 -20042 -0.0201331 1440 1960 1980 1220
730418 1881.56 -20127.1 -0.0665319 1360 4440 4500 1600
730594 1991.69 -20189.9 -0.103408 1220 3120 3170 2070
730770 2092.63 -20217.9 -0.105376 1130 4400 3700 1640
730935 2213.14 -20209.3 -0.082178 1070 6970 3620 1910
731111 2356.97 -20172.6 -0.036578 1030 3990 3080 1920
731276 2504.3 -20114.7 0.0204604 880 5280 3370 1570
731452 2625.1 -20061.7 0.0775508 1090 3240 2980 1500
731628 2744.35 -20031.3 0.108611 890 5630 5680 1390
731716 2862.54 -20067.3 0.0985351 1260 7580 7600 1300
731804 2997.68 -20181.9 -0.00117378 1330 2290 2310 1230
731892 3121.13 -20313.6 -0.0753304 1450 4750 3410 1170
732057 3227.61 -20400.7 -0.126465 1530 3270 3340 1110
732233 3337.6 -20440.1 -0.161084 1590 3270 3320 1060
732409 3468.86 -20450.7 -0.161081 1640 2060 2590 1000
732574 3603.82 -20427.3 -0.124277 1640 2110 3120 960
732750 3749.77 -20380.1 -0.0777512 1600 1810 1850 1000
732926 3910.18 -20307.5 -0.0151438 1560 4490 4550 1590
733091 3992.17 -20256.8 0.0202779 1560 4490 4550 1590
733267 4069.58 -20199 0.0637113 1560 4490 4550 1590
733443 4143.09 -20139.8 0.0982742 1560 4490 4550 1590
733619 4266.78 -20041.7 0.12862 1560 4490 4550 1590
733784 4390.8 -19965.1 0.124261 1550 5010 4420 1590
733960 4518.56 -19931 0.122288 1560 4580 3020 1560
734048 4643.78 -19949.7 0.0825622 1780 4630 3560 1510
734213 4761.96 -20021.8 0.0176416 1840 7180 4630 1440
734389 4869.96 -20139.9 -0.0784435 1360 5030 3770 1340
734565 4975.89 -20283.9 -0.15944 1160 2970 5420 1110
734741 5100.77 -20445.7 -0.188307 1480 1380 7420 1160
734906 5227.46 -20566.1 -0.201861 1490 2610 4450 1140
735082 5364.76 -20636.9 -0.183821 1440 1830 3570 1170
735258 5524.38 -20653.1 -0.184505 1360 3460 3500 1240
735423 5713.57 -20624.6 -0.139356 1260 5980 6000 1330
735599 5807 -20591.6 -0.111443 1140 2110 1720 1440
735775 5972.58 -20511.3 -0.0498422 1080 5960 2490 1540
735951 6142.73 -20422.2 0.0673456 1010 3380 1670 1560
736116 6312.11 -20347.7 0.161235 990 4440 3940 1600
736292 6469.94 -20312.1 0.202854 1050 5550 5600 1380
736468 6598.19 -20333.7 0.155588 1170 1900 1930 1450
736633 6732.23 -20404.1 0.0566332 1940 5660 5340 1370
736809 6872.6 -20512.1 -0.0624836 1630 5890 3940 1260
737073 6994.99 -20620.9 -0.178176 1790 4690 4320 1220
737238 7114.63 -20724.4 -0.275451 1920 4830 4730 1360
737414 7244.91 -20814.4 -0.330322 1810 4110 3780 1460
737590 7396.45 -20866.5 -0.291842 1450 2470 2510 1430
737854 7554.33 -20848.8 -0.191011 1310 3500 3550 1630
738019 7719 -20778.8 -0.0852839 1020 3910 3950 1570
738107 7878.6 -20688.3 0.0383804 1020 3910 3950 1570
738195 8023.54 -20607.5 0.124106 1020 3910 3950 1570
738283 8163.12 -20572.6 0.134905 1090 3850 3850 1510
738536 8344.7 -20657.1 0.0191983 1170 3250 2960 1440
738800 8457.74 -20769.8 -0.0883241 1130 3950 3500 1120
738976 8578.58 -20909 -0.185402 1020 2740 2770 1570
739141 8692.12 -21022.3 -0.264325 950 3160 3200 1650
739317 8896.67 -21059.3 -0.270222 900 2650 2680 1690
739493 9060.8 -21005.5 -0.203957 900 2820 2860 1720
739658 9146.61 -20958.4 -0.147157 2630 3790 2870 1750
739834 9226.49 -20911.2 -0.107245 2650 2340 2350 1750
740010 9297.41 -20875.6 -0.0902017 4820 3230 2330 1760
740186 9473.89 -20873.6 -0.0778285 5490 3150 2190 1750
740274 9660.76 -20994.3 -0.149367 2030 3040 2080 1750
740362 9789.84 -21090.8 -0.163158 2030 3010 2180 1750
740527 9913.43 -21156.1 -0.173534 2230 3010 2810 4190
740615 10063.6 -21198.9 -0.134337 2030 4740 4810 5480
740703 10232.8 -21213.9 -0.0512921 1850 7250 7300 5480
740791 10385.7 -21209.6 0.0167531 2000 7250 7300 2720
740879 10537.7 -21185.9 0.127993 1940 1990 2050 5220
740967 10694.2 -21140.3 0.267681 2060 4470 4520 5220
741055 10851.9 -21065.1 0.440048 1160 6960 7000 5220
741220 10919.8 -21012.2 0.541327 1870 6960 7000 3350
741308 10976.9 -20947.5 0.665318 1880 2610 2630 5860
741396 11057.5 -20796.1 0.851719 1880 2580 3230 5860
741484 11089.2 -20695.4 0.959117 670 2570 2980 660
741660 11110.1 -20588.1 1.05473 1960 2570 2810 2770
741825 11124.3 -20476.1 1.1466 1980 2270 2490 3310
742001 11129.8 -20360.5 1.25076 1960 2420 5180 1790
742177 11121.9 -20249.2 1.33832 1860 2630 4940 800
742353 11104 -20145.2 1.40037 1750 2750 4860 860
742518 11051.9 -19962.7 1.52463 1000 2750 7430 980
742694 11018.3 -19870.6 1.57692 1460 3970 4000 1150
742870 10983.8 -19780.6 1.62265 1190 6600 6670 1470
743035 10950.8 -19692 1.65819 1190 6600 6670 1470
743211 10910.9 -19520.2 1.69205 1190 6600 6670 1470
743387 10913.5 -19365.1 1.64589 1180 4940 5000 1450
743563 10965.3 -19214.8 1.59502 1230 4910 5520 1380
743728 11060 -19055.1 1.51134 1290 5640 6810 1310
743904 11189.4 -18887.2 1.42879 1360 3890 3950 1240
744080 11326.6 -18759.4 1.33985 1430 3050 3090 1160
744256 11477.5 -18630.3 1.29178 1490 3320 3350 1120
744421 11616.7 -18491.7 1.27212 1530 4890 4920 1100
744597 11705.3 -18346.6 1.27078 1550 2110 2150 1070
744773 11731.2 -18178.3 1.31462 1560 1950 4500 870
744938 11711.1 -17993.2 1.38003 1550 3070 3100 1070
745114 11662.9 -17792.5 1.46873 1510 1300 4200 1100
745290 11609.4 -17603.8 1.5238 1460 1310 4120 1150
745455 11565.9 -17415.6 1.54427 1390 2810 3010 1200
745631 11531.8 -17224.1 1.60264 1310 3850 3930 1290
745807 11522.7 -17024.7 1.6443 1240 2360 2390 1350
745972 11521 -16845 1.68879 1190 5500 6100 860
746148 11527.2 -16677.6 1.68219 1150 4660 4700 1440
746324 11557.8 -16509.8 1.68407 1150 4490 4040 1450
746500 11602.8 -16348.6 1.64951 1180 6980 3990 1410
746665 11667.7 -16188.1 1.60679 1260 2510 3090 1320
746841 11755.4 -16034.7 1.51266 1350 3100 6870 1250
747017 11847.1 -15885.7 1.44023 1440 2380 4280 1150
747193 11945.8 -15717.2 1.39908 1540 2730 5500 1050
747358 12033.3 -15560.6 1.39534 1620 2690 6770 980
747534 12097 -15425 1.38847 1650 2910 2930 950
747710 12138.9 -15273 1.38619 1130 3230 7290 980
747875 12137.4 -15103.8 1.40776 1260 3370 3410 1320
747963 12100.6 -14929.1 1.42511 1260 3370 3410 1320
748051 12050.9 -14758.1 1.50322 1260 3370 3410 1320
748139 11980.6 -14555.8 1.55531 1260 3370 3410 1320
748227 11908.2 -14368.3 1.63054 1260 3370 3410 1320
748315 11851.2 -14209.5 1.63388 1220 6000 6040 1400
748480 11820.9 -14064.3 1.6199 1180 6000 6040 1440
748656 11833.5 -13891.4 1.57347 1490 2290 2340 1480
748832 11910.6 -13715.8 1.49021 1770 6120 5780 1520
749008 12024.3 -13558.7 1.4063 1680 3980 3840 1510
749173 12092.5 -13473.1 1.37408 1820 5680 5720 1450
749261 12163 -13386.7 1.35633 1880 6950 6990 1400
749349 12233.4 -13297.6 1.34272 1920 1780 1810 1360
749437 12297.4 -13210.3 1.34074 1460 2820 4330 1310
749525 12356.4 -13127 1.34693 2040 2680 6860 1270
749613 12445.6 -12982.2 1.3341 1480 2570 2650 1210
749789 12511.5 -12819.5 1.3212 1510 2470 2540 1170
749954 12546.9 -12645.4 1.34017 1510 2380 2460 1140
750130 12540.7 -12467.6 1.36524 1200 1880 2750 930
750295 12514.6 -12296.5 1.43588 1570 2130 2630 1060
750471 12496.2 -12199.6 1.46714 1530 2050 5170 1110
750647 12473.6 -12099.8 1.51809 1380 1840 2160 1210
750823 12447.6 -11998.6 1.57437 1280 5930 5970 1320
750988 12417.7 -11900.1 1.61173 1160 3790 3830 1420
751164 12386.8 -11806.6 1.6608 890 5920 2710 1090
751340 12331 -11641.9 1.70753 1010 7630 2590 1590
751505 12289.4 -11492.5 1.71007 1020 3750 2480 1580
751681 12278.2 -11325.2 1.72394 860 5620 4270 1520
751857 12324.1 -11178.5 1.66285 1150 2450 2480 1450
752022 12430.6 -11043.7 1.56602 900 5080 6310 1370
752198 12568.9 -10912.7 1.44502 1510 3750 4980 1260
752374 12712.4 -10779.1 1.39375 1740 2360 4860 1170
752539 12833 -10657.9 1.3136 1120 2390 4770 1080
752715 12924.6 -10526 1.2623 1780 2200 2220 1010
752891 12963.9 -10366.7 1.25779 1760 4300 4310 920
753067 12959.5 -10196.4 1.29914 1740 4140 4130 890
753232 12924.3 -10013.4 1.34921 1740 4140 4130 890
753408 12872.8 -9826.6 1.42649 1740 4140 4130 890
753584 12816.8 -9643.5 1.48404 1690 3510 3520 920
753760 12749.1 -9451.7 1.58251 1550 3860 3960 1030
753925 12682 -9275.9 1.64519 1450 2790 2850 1130
754101 12626.8 -9117.5 1.70061 1310 3660 4690 1280
754277 12578.4 -8943.6 1.67355 1220 3630 5090 1380
754442 12542.7 -8777.2 1.66569 1150 3790 3030 1440
754618 12532.7 -8620.3 1.6197 900 5080 3370 1080
754794 12564.1 -8471.2 1.57384 1090 2480 2530 1500
754970 12648.1 -8298.9 1.53595 890 6330 3820 1060
755135 12762.5 -8147 1.46862 1210 5020 3380 1370
755223 12896.6 -8004.8 1.41453 1300 2640 4990 1290
755311 13035.1 -7857.4 1.39816 570 2500 6560 520
755399 13177.8 -7699.2 1.37632 1420 2500 6560 1170
755564 13296.6 -7550 1.32705 1470 2270 2350 1130
755740 13378.5 -7395.3 1.31897 1500 2190 4910 1090
755916 13431.2 -7208.1 1.33637 1020 2090 7480 1070
756092 13438.2 -7014.5 1.35365 1510 2020 3640 1080
756180 13407.9 -6812.3 1.41641 480 7460 7450 1140
756345 13354.4 -6609.8 1.46185 1440 7460 7450 1180
756433 13322.7 -6499.2 1.5032 2030 2290 2320 1230
756521 13289.7 -6398.1 1.53497 1980 4840 4880 1300
756697 13261.8 -6300.8 1.54169 1170 5250 4020 1370
756862 13227 -6129.5 1.5208 1830 3110 3160 1440
757038 13221.8 -5939 1.51937 1550 5680 3170 1360
757126 13262.7 -5746.7 1.53593 1770 5680 3930 1520
757214 13346.9 -5565 1.49334 1770 3050 2940 1520
757302 13399.4 -5478 1.4802 1820 5580 3730 1500
757467 13511.7 -5310.5 1.40512 1170 4640 3630 1450
757555 13576 -5221.4 1.36137 1180 1340 1380 1410
757643 13637.7 -5136.3 1.3326 1250 4010 3470 1370
757731 13746.2 -4981.5 1.25322 400 3880 7380 370
757819 13828.1 -4844.5 1.21014 1450 2200 2210 1140
757907 13895.1 -4681.1 1.18139 1450 2200 2210 1140
758072 13917 -4591.4 1.19278 1450 2200 2210 1140
758248 13925.9 -4499 1.23183 1450 2200 2210 1140
758424 13922.4 -4405.3 1.26636 1450 2200 2210 1140
758512 13886.6 -4235.1 1.32963 1440 2310 2770 1160
758600 13861.9 -4140.7 1.37621 1400 3030 3370 1190
758765 13834.4 -4044.5 1.41665 1360 3460 3370 1220
758941 13805.2 -3947.1 1.46849 1320 3120 3270 1260
759117 13772.4 -3852.2 1.50522 1250 2940 3390 1330
759282 13743.5 -3761.5 1.52975 1230 3080 3120 1370
759458 13719.7 -3609.9 1.54464 1200 2670 5710 1310
759634 13742.7 -3448.6 1.56878 1160 2810 4370 1440
759722 13802.2 -3286.6 1.58481 1130 5490 5520 2210
759898 13843.1 -3202.2 1.55375 1030 5490 5520 1000
760063 13884.8 -3121.1 1.54752 1080 4150 4180 1580
760151 13960 -2977.2 1.49657 1090 6220 4990 2440
760239 14033.5 -2819.8 1.47447 1090 6220 4990 1800
760327 14101.3 -2652.5 1.43147 1100 1070 1110 2260
760492 14158.3 -2502.2 1.37813 1110 3550 3590 2270
760668 14216.2 -2354.2 1.37176 1140 6020 5650 1950
760844 14280.3 -2192.7 1.34304 1160 780 810 2300
760932 14311.8 -2106.9 1.35069 1190 3230 3270 2080
761097 14359.3 -1940.1 1.36605 1250 4970 5240 1690
761185 14389.5 -1788.2 1.38157 1290 580 610 1900
761361 14400.2 -1704.6 1.39771 1340 3970 4000 1860
761449 14407.2 -1619.6 1.40462 1430 4590 3880 1850
761537 14411.7 -1533.8 1.40339 1460 4590 3880 1760
761625 14416.2 -1384.2 1.40943 1510 1360 1390 1750
761790 14416.5 -1227.9 1.39615 1520 3450 3520 1750
761878 14408.3 -1058.8 1.4245 1520 3340 3400 1130
761966 14398 -963.8 1.45218 1500 4080 3340 1110
762054 14365.8 -790.9 1.507 1470 1390 2950 1150
762142 14338 -705.6 1.5243 1420 3230 3150 1190
762219 14272.9 -538.8 1.5888 1350 3000 3100 1260
762307 14248.9 -448.1 1.62288 1250 3000 3100 1320
762395 14236.5 -351.2 1.66544 1170 2130 2150 1390
762483 14237.6 -256.3 1.68019 1030 7210 3060 1390
762571 14270.5 -87.4 1.62311 1030 7210 3060 1390
762747 14303.6 -1.9 1.60186 980 7210 3060 1590
762923 14348.7 84.6 1.55134 940 2130 2180 1670
763088 14406.8 170.4 1.50723 900 6060 2750 2370
763176 14475.6 256.1 1.46521 880 7390 2660 2400
763264 14539.1 325.2 1.4468 900 2290 2350 2370
763352 14611.8 399.9 1.42516 930 5740 5800 2350
763440 14682.6 468 1.37253 980 5740 5800 2290
763517 14750.9 529 1.33805 1070 5740 5800 2240
763605 14815.5 591.9 1.31142 1130 3100 3150 2170
763704 14929.8 725.7 1.26543 1190 2830 5690 2120
763869 15013.5 865.7 1.23277 1250 2690 5690 1220
763957 15054.1 1005.6 1.21205 1310 2570 5690 1990
764045 15060.3 1091.8 1.25097 2060 2470 3040 1940
764210 15057.1 1185.2 1.28603 2100 2620 5550 1910
764386 15045.4 1287.9 1.32475 1130 2620 5550 1130
764562 15026 1393.7 1.37215 2070 2490 1680 1660
764650 15002.9 1484.8 1.42658 2030 5440 5480 1990
764815 14971.8 1584.6 1.48574 1020 3290 5480 1010
764991 14934.4 1691.2 1.51563 1290 5110 1580 2080
765167 14868.7 1861.5 1.57504 1130 6240 5410 1550
765343 14835.5 1952.2 1.60385 1160 7130 320 1540
765508 14807.2 2042.6 1.58818 1200 4020 3720 1790
765684 14783.3 2204.6 1.56801 1090 3250 3010 1100
765860 14819 2358.9 1.52904 1320 2620 2650 1290
766025 14903.8 2516.9 1.45291 1000 6350 4090 970
766201 14960.2 2598.1 1.41721 1380 4950 3190 1230
766377 15063.9 2737.2 1.38173 1400 4840 3800 1210
766553 15145.5 2883.8 1.31485 920 6410 6070 1200
766729 15182.2 3042.1 1.30662 1410 3450 2810 1190
766894 15171.8 3218 1.33349 390 5600 6070 350
767070 15142.1 3378.5 1.3672 1380 3890 4140 1210
767246 15115 3531.2 1.41399 880 4950 5000 810
767411 15104.6 3682.7 1.45674 1330 5160 5230 1270
767587 15102.9 3823.8 1.50789 1680 3280 3580 1270
767763 15104 3973.4 1.51995 2010 4780 4840 1280
767939 15116.2 4127.6 1.52043 2010 2380 2420 1280
768104 15141.5 4302.6 1.49309 1280 3930 4550 900
768280 15175.3 4475.4 1.4923 2030 3910 4510 1270
768456 15215.3 4623.9 1.44953 1770 2990 3300 1260
768621 15267.8 4790.3 1.44581 890 3520 4230 790
768797 15323.8 4960 1.44718 1400 2100 2140 1250
768973 15363.1 5107.4 1.4696 1220 3610 3910 1140
769149 15394.5 5255.4 1.4579 1400 3040 1590 1210
769314 15422.6 5408.1 1.46675 1430 3520 4380 1220
769490 15448.5 5562.2 1.45764 1200 3200 4240 1130
769666 15472.1 5698.5 1.44669 1330 3030 3100 1290
769831 15493.3 5848.7 1.43935 1090 3120 3290 1080
770007 15516.6 6012.2 1.40171 1210 3070 3450 1390
770183 15541.6 6178 1.42298 1190 5680 3040 1380
770348 15556.4 6338.3 1.41749 1190 7080 660 1410
770524 15566.4 6486.1 1.44227 1230 4440 2670 1740
770700 15586.8 6649.5 1.4826 1280 5710 1530 1440
770876 15625.4 6793.9 1.43639 1360 2960 3010 1370
770964 15700.7 6937.1 1.38661 1440 5460 5500 1890
771129 15793.8 7083.8 1.32557 1270 3200 5880 1390
771305 15877.7 7230.1 1.3025 1570 2520 2780 1750
771481 15935.3 7384.3 1.2922 1220 2550 5610 1290
771657 15954.2 7544.5 1.28906 1580 2550 3120 1410
771822 15949.8 7710.6 1.31713 1560 2950 5200 1110
771998 15929 7899.3 1.37535 1090 4110 5410 960
772163 15889.6 8084.5 1.43085 1320 3790 3820 1270
772339 15837 8268.7 1.52071 660 7600 2050 1380
772515 15812.1 8362.8 1.5379 1160 5000 1890 1470
772691 15778.7 8536.8 1.60623 1450 2490 2520 1200
772856 15773.7 8706 1.6298 1450 2490 2520 1200
772944 15808.2 8862 1.60615 1450 2490 2520 1200
773032 15876.9 9025.2 1.53101 1450 2490 2520 1200
773120 15968.1 9156.6 1.43002 1450 2490 2520 1200
773296 16095 9270.5 1.28326 1450 2490 2520 1200
773461 16222.3 9378 1.16015 1450 2750 3380 1180
773637 16355.6 9509.7 1.07489 1080 5150 4820 860
773813 16437.5 9664.3 1.08113 1500 2480 2510 1030
773978 16460.9 9847.4 1.10398 1150 2610 2880 820
774154 16443.2 10046.8 1.17152 1680 2410 2600 970
774330 16423.3 10159.8 1.22196 1680 2070 2580 970
774506 16397.5 10269.5 1.27639 1150 1930 4690 990
774671 16370 10374.2 1.31529 1570 2080 3670 1060
774847 16314.1 10569.7 1.38965 1480 2670 4430 1130
775023 16270 10748.8 1.45681 1390 2120 3890 1210
775199 16239.2 10938.2 1.51782 1260 4930 4300 1410
775364 16226.4 11109.5 1.60687 1160 720 730 1580
775540 16223.6 11272.5 1.64078 1080 3940 3520 1960
775716 16251.4 11465.1 1.64073 1000 2130 2140 1470
775892 16312.5 11653 1.60325 950 3000 3030 2360
776057 16397 11816.6 1.52098 910 5490 3430 1710
776233 16497.2 11956.5 1.45029 880 4100 1540 1750
776409 16619.5 12103.1 1.37774 890 5240 3130 1750
776574 16748.7 12243.7 1.31426 890 4640 3130 1220
776750 16869.1 12369.4 1.21963 1020 3190 3860 1600
776926 16975.7 12487.3 1.16204 650 3710 7620 620
777102 17074.2 12618.8 1.1326 1200 3060 5030 1420
777267 17156 12747.6 1.13856 910 2670 4060 940
777443 17224.6 12883.1 1.16295 2040 2640 3150 1940
777619 17277.2 13026.8 1.21647 2060 2740 2850 1920
777795 17311 13198.6 1.28919 2030 2680 5910 1460
777960 17306.4 13379.1 1.38635 1970 2270 2300 1890
778136 17269.4 13556.9 1.45276 1200 6120 6140 2040
778312 17206.4 13753 1.52602 1810 1880 1910 1940
778477 17130.7 13939.4 1.55162 1740 5690 5720 1730
778653 17071.2 14111.2 1.57939 1630 3630 3670 2020
778741 17035.1 14277.5 1.57777 1570 4120 4160 2440
778917 17033.6 14463.5 1.54491 1550 6770 4040 1830
779082 17080.1 14634.3 1.44465 1220 4210 2870 1800
779258 17157.2 14783.3 1.31343 890 5480 5520 1740
779434 17253.5 14920.5 1.18414 920 6750 6790 1700
779599 17365.8 15055.6 1.06312 970 5410 2870 1660
779775 17481.9 15175.3 0.964564 1060 6590 6620 1590
779863 17592.2 15298.8 0.97313 1110 1430 1470 1540
779951 17702.9 15452.3 1.01684 1140 3990 4010 1510
780127 17746.7 15537.7 1.06432 1210 6550 6590 1500
780292 17795.8 15715.4 1.19665 1220 6550 6590 1420
780468 17813.6 15884.6 1.27879 1280 2600 3110 1340
780644 17822.2 16071.4 1.36626 870 3730 7320 800
780809 17809.8 16255.1 1.47699 1440 2110 2130 1200
780985 17787.9 16413.5 1.55566 1430 5940 5950 1190
781073 17763.8 16583.5 1.58912 1390 7240 7480 1220
781161 17751.1 16672.9 1.60396 1350 2910 2940 1270
781249 17740 16763.3 1.60811 1300 5450 5470 1310
781337 17711 16932.2 1.62835 1020 5450 7150 1030
781502 17676.7 17080.1 1.58051 1190 7000 7150 1420
781590 17637.1 17237.5 1.58162 1140 2860 2890 1460
781766 17613.1 17402.9 1.54349 1070 5440 5470 1280
781942 17634.7 17555.1 1.47305 1030 6480 3700 1550
782107 17716.5 17715.1 1.37543 1030 4200 4230 1570
782283 17773.7 17798.5 1.33011 1020 6200 2940 1300
782459 17837.6 17886.3 1.30906 1030 3730 3770 1550
782635 17902.4 17970.6 1.28293 1050 7130 5820 1530
782800 17966.3 18051.2 1.26792 1110 3170 3200 1480
782976 18079.6 18199.4 1.24677 920 4450 5430 910
783152 18133.9 18279 1.24207 1230 3610 4060 1390
783317 18224.7 18443.1 1.21719 1240 5330 5140 1380
783493 18284.2 18606.7 1.25993 1070 5140 5010 1380
783669 18319.5 18748 1.25599 1140 3720 3750 1460
783845 18351.5 18906.6 1.29629 1020 2890 2880 1570
784010 18364.3 19077.7 1.37117 940 3670 3690 1650
784186 18347.3 19242.7 1.48874 870 4350 4510 1730
784362 18314.8 19387.6 1.57151 800 1100 1140 1790
784527 18293 19552.3 1.60463 750 4020 3800 1830
784703 18307 19721.9 1.5648 730 2910 2960 1850
784879 18361.7 19863.3 1.49627 740 3630 3010 1850
785055 18457.2 19997.9 1.42087 730 3480 3190 1850
785220 18577.9 20135.4 1.32799 740 2530 2350 1840
785396 18704 20268.9 1.28702 800 3180 3060 1830
785572 18811.1 20383.7 1.24289 850 2490 2410 1780
785748 18910 20507.2 1.21082 1690 4920 2710 1740
785913 18997.6 20649 1.2311 2400 6830 2660 1680
786089 19048.3 20786.8 1.26539 2060 2910 2040 1610
786265 19086 20934.8 1.29414 2020 5970 2990 1550
786430 19124.2 21094 1.34041 2350 1550 1600 1500
786606 19159.2 21270.4 1.42049 2270 4760 4800 7340
786782 19170.6 21435.9 1.53271 1980 3450 3490 3440
786958 19154.9 21604.7 1.63126 1810 3970 4020 7260
787123 19120.4 21771 1.75174 1730 6510 5000 4650
787299 19062.5 21932 1.86639 1660 2210 2610 3880
787475 18991.4 22072 1.96459 1680 6360 6400 3200
787651 18902.5 22222.3 2.06197 1670 3780 3830 1020
787816 18798 22375.4 2.19727 1720 1980 2510 930
787992 18685.5 22512.2 2.34245 1740 1210 1240 890
788168 18550.4 22640.1 2.48441 1740 1810 2930 880
788333 18391.6 22745 2.6081 1740 7220 7210 880
788509 18212 22835.1 2.70938 1700 4610 4630 910
788685 18039.6 22894.1 2.81804 1630 4640 5850 980
788850 17867.5 22935.2 2.89634 1550 7130 7130 1060
789026 17695.8 22962 2.95067 1450 3280 2720 1130
789202 17521.5 22978.8 3.03543 1310 7080 3330 1300
789378 17374.2 22996.8 3.08697 1240 1910 1950 1380
789543 17227.6 23020.4 3.09855 1080 4480 3000 1170
789719 17083.1 23059.7 3.0819 1140 3610 2810 1460
789895 16945.1 23127.9 3.02733 1150 5270 2860 1470
790071 16812.7 23224.5 2.96625 1010 5270 2860 1150
790236 16713.1 23341.3 2.83971 1500 4460 4490 1450
790412 16627.3 23471.4 2.71967 1230 6200 6220 1440
790588 16526.3 23619.1 2.64078 1870 2390 2410 1410
790764 16408 23746.5 2.62562 1910 6190 6210 1360
790929 16269.2 23842.8 2.67567 1930 1920 1940 1330
791105 16116.2 23910.6 2.71349 1950 5690 5700 1290
791281 15939 23965.4 2.78177 1490 4770 4790 1360
791446 15761.8 24005 2.823 1910 5120 2870 4210
791633 15586.1 24043.5 2.83942 920 7620 2690 1610
791798 15411.9 24075.3 2.86146 1030 3700 2420 1590
791974 15230.1 24100.8 2.91935 640 7590 2270 620
792139 15070.5 24121.4 2.97349 840 5020 2100 1710
792315 14921.4 24132 2.99219 750 6320 1910 1200
792491 14770.6 24151.8 3.01364 800 7610 1770 1740
792656 14616.3 24195.1 3.02475 840 3820 3420 1720
792832 14480 24285.4 2.92298 830 3810 3840 1640
792920 14348.8 24412.3 2.86441 930 2500 2540 1610
793008 14192.2 24581.7 2.79741 970 5040 5070 1570
793096 14050.6 24713.1 2.78069 1020 5040 5070 1440
793272 13902.3 24818.2 2.7762 1080 760 790 1490
793360 13748.4 24891.1 2.76724 1140 3260 3280 1460
793525 13572.8 24945.8 2.77987 1220 5730 3310 1440
793701 13389 24977.3 2.80837 1280 4400 6210 1360
793866 13208.2 24991.7 2.85365 1330 2870 3020 1330
794042 13005.5 24989.5 2.93264 1250 4530 5950 1350
794130 12899.5 24983.3 2.98158 1220 3170 5770 1400
794218 12795.1 24970.3 3.029 1160 2940 2950 1440
794306 12693.5 24952.5 3.08999 1100 4490 5450 1510
794471 12503.1 24909.3 -3.13557 1020 5540 5530 1070
794647 12407.7 24886.4 -3.0985 950 1630 1660 1630
794823 12227.5 24856.5 -3.07078 890 5200 4940 1410
794988 12051.6 24857.4 -3.06126 860 430 460 1720
795164 11905.2 24914.2 3.12211 850 4290 3810 1730
795340 11741.8 25021.5 3.03425 840 4630 2520 1450
795428 11654.7 25089.4 2.9817 870 2990 3030 1710
795516 11571 25161.5 2.95552 900 4320 3200 1690
795681 11489.2 25232.8 2.93643 920 4290 4400 1070
795857 11345.5 25347.5 2.86172 970 3510 1590 1600
795945 11177.4 25448.3 2.84075 1040 3310 3970 1570
796033 11007.6 25525 2.84652 830 3890 3950 810
796209 10853 25577.9 2.84942 1110 3840 3800 1490
796374 10676.7 25624.6 2.8524 1150 2490 2520 1440
796550 10482.1 25658.4 2.90506 1230 3730 3670 1400
796726 10379.1 25668.5 2.928 1280 2100 3410 1380
796891 10278.2 25672 2.96781 1270 3350 3360 1390
797067 10101.6 25668.5 2.99694 1200 3130 3230 1440
797243 9918.67 25657.8 3.02651 1470 3030 3070 1520
797419 9827.14 25651.6 3.03569 1070 2950 2880 1190
797595 9736.29 25644.8 3.04756 1620 1510 2700 1660
797760 9568.01 25622 3.0805 1450 2480 2640 1520
797936 9414.56 25602.7 3.07667 1450 2540 2300 1840
798112 9248.66 25622.1 3.08959 1450 2360 2280 1860
798277 9085.1 25688.1 3.08019 1100 1390 1430 1610
798453 8945.92 25783.1 3.02826 780 1930 1900 1840
798629 8815.71 25897.6 2.96425 820 1780 1770 1530
798805 8682.63 26024.5 2.87332 880 1010 1090 1720
798970 8549.86 26149 2.84316 980 1430 1530 1680
799146 8429.98 26259.6 2.77696 1020 860 1900 1350
799322 8321.27 26354.6 2.74049 1100 1120 4040 1540
799487 8187.64 26444.1 2.72421 880 980 5160 1510
799663 8024.87 26507.1 2.7748 1140 850 1850 1760
799839 7858.85 26536.1 2.84864 1090 760 3980 1550
800004 7682.63 26534.1 2.94946 1000 970 2680 1610
800180 7504.78 26511.3 3.02603 920 4020 2480 1690
800356 7344.64 26475.3 3.10693 770 2860 1780 710
800532 7210.33 26452.6 3.11885 670 2170 1160 750
800697 7060.49 26430.7 3.141 570 2070 1490 790
800785 6894.92 26423.9 -3.13778 510 1250 1290 850
800873 6739.5 26463.7 3.08707 520 2830 1710 1570
801049 6595.1 26547.2 3.02974 540 3620 1630 1570
801137 6454.22 26662.6 2.91384 560 3620 7610 1630
801225 6330.73 26781.9 2.81237 590 1230 1250 1980
801390 6216.53 26905.8 2.73904 650 2710 2370 1970
801566 6097.78 27021 2.72314 720 2660 3160 1760
801742 5947.02 27123.1 2.73833 910 1600 1740 4690
801907 5779.11 27194.6 2.76463 1100 2180 2880 5100
802083 5686.35 27221.4 2.80062 1140 1920 2270 3660
802259 5593.6 27242.1 2.82615 1220 1840 2680 5010
802435 5407.99 27263.7 2.87727 1120 1630 2110 1850
802600 5310.97 27267.2 2.90441 1080 1570 3720 4170
802688 5213.72 27267.4 2.91875 1050 1490 3660 4170
802776 5039.7 27255 2.9718 970 3540 5220 2190
802952 4865.69 27225.1 3.00872 540 2700 2750 1180
803117 4699.42 27196.2 3.04495 540 2700 2750 1180
803216 4537.12 27186.1 3.06703 540 2700 2750 1180
803381 4369.09 27186.8 3.13272 540 2700 2750 1180
803557 4213.87 27211 -3.13761 540 2700 2750 1180
803722 4052.12 27284.7 3.12871 540 2700 2750 1180
803898 3899.18 27395.8 3.08387 540 2750 2650 1130
803986 3823.38 27464.2 3.02732 590 1000 1050 980
804162 3755.22 27532.4 2.97472 600 3600 2730 1170
804327 3623.54 27664.1 2.91598 550 3580 2160 1240
804415 3492.87 27780.1 2.87146 470 1730 1560 950
804503 3409.54 27842 2.87262 400 3250 1440 960
804679 3270.32 27921.6 2.88853 350 3160 1320 1000
804844 3118.35 27978.6 2.86128 340 2370 1600 1020
805020 2956.98 28004.8 2.86015 390 2830 1030 1730
805108 2779.19 28014.8 2.93799 440 2730 1780 670
805196 2698.79 28026.2 2.96848 450 2630 1680 1130
805372 2564.71 28098.2 2.92545 500 2460 1630 1150
805548 2445.79 28214.6 2.84977 590 2630 2340 1720
805713 2376.45 28283.8 2.82796 1030 2440 2220 1430
805801 2305 28350.9 2.80952 1320 2280 2030 1160
805889 2165.99 28461.5 2.82911 1300 2170 2170 1170
805977 2032.57 28536.8 2.85434 1520 2130 2080 1180
806065 1867.23 28588.6 2.92089 2070 2020 1990 1150
806230 1774.16 28601.9 2.96665 1780 1920 1920 1130
806318 1680.78 28602.8 3.01171 1510 1830 1810 1110
806406 1502.89 28575.3 -3.12449 1720 1830 1740 1070
806494 1335.3 28525.1 -2.95454 1720 2280 1640 1020
806582 1177.69 28461.4 -2.79141 1140 4870 4920 1010
806758 1099.25 28415.6 -2.69392 600 7510 7370 930
806934 1028.69 28358.8 -2.55 1130 4910 4860 890
807099 970.576 28293.2 -2.41621 1180 2830 3340 850
807275 921.456 28219.1 -2.30929 830 2610 2760 800
807451 852.529 28065.7 -2.14878 1240 1930 2380 760
807616 826.2 27973.3 -2.04557 320 7290 6190 310
807792 810.232 27877.1 -1.95325 1150 4700 4170 740
807968 803.456 27781.4 -1.84464 1000 5960 4890 830
808133 803.142 27689 -1.76308 970 5960 4890 850
808309 812.31 27520.4 -1.68463 860 3360 3390 970
808485 828.287 27361.2 -1.64935 770 4530 4610 1060
808661 840.095 27207.7 -1.60151 750 3370 3430 1110
808826 841.748 27049.5 -1.57735 850 4790 2220 1120
809002 822.295 26904.9 -1.57138 880 470 510 1090
809178 771.072 26774.2 -1.64012 930 3880 3430 1040
809354 675.004 26633.4 -1.72282 1020 4220 2170 950
809519 547.611 26512 -1.81275 1090 2830 2870 890
809695 420.862 26417.9 -1.90862 1010 3530 3340 810
809871 289.863 26307.1 -1.99532 1250 2210 2040 730
810036 182.145 26166.9 -1.99192 1320 3360 3250 720
810212 119.226 26000.8 -1.94848 1280 2180 2420 710
810388 96.2629 25830.8 -1.89372 1240 3200 2640 750
810564 92.8882 25631.4 -1.86491 1210 3550 2580 770
810729 110.007 25428.4 -1.79165 1200 1760 1650 780
810905 134.645 25237.9 -1.74537 1220 2700 2580 760
811081 157.904 25065 -1.72384 1230 1780 1800 750
811246 174.157 24873.1 -1.67932 1240 2110 1980 750
811422 153.027 24686.4 -1.6451 1230 1760 2070 790
811598 98.532 24523.9 -1.67142 1220 1440 1480 840
811774 17.2114 24355.5 -1.69596 1180 1310 2190 900
811851 -63.5266 24182.5 -1.75456 1130 1160 1240 1000
812027 -113.864 24015.4 -1.84121 1110 1080 1170 1920
812203 -145.86 23857.3 -1.87557 2130 980 1100 1750
812379 -179.502 23677.4 -1.92225 1030 1370 1020 2200
812544 -224.905 23495.8 -1.96508 960 1750 1740 850
812720 -279.248 23344.2 -2.03805 880 1600 1600 800
812896 -356.224 23197.1 -2.14855 800 1180 1440 710
813072 -454.563 23064.7 -2.2548 760 900 1380 670
813237 -568.457 22954.1 -2.39692 570 1160 1890 640
813413 -621.985 22914.4 -2.47418 260 1150 1850 630
813589 -753.15 22847.5 -2.60696 200 2200 4690 670
813765 -912.548 22801.2 -2.73505 220 2150 4730 660
813930 -1081.32 22772.7 -2.82336 280 1870 2290 630
814106 -1226.92 22763.1 -2.9186 320 7630 1810 580
814282 -1379.03 22765.3 -3.01035 370 1270 1470 500
814447 -1540.38 22779.4 -3.11831 450 1580 4610 340
814623 -1701.88 22804.7 3.05691 500 7330 3760 290
814799 -1840.79 22834.7 2.98733 520 2690 2970 270
814975 -1996.72 22862.8 2.95695 430 7310 5580 270
815140 -2166.06 22886.5 2.94512 530 1990 2030 270
815316 -2330.5 22885.5 2.99055 530 4990 5440 280
815492 -2477.71 22874.9 3.01265 520 2550 2590 280
815657 -2644.7 22858 3.01873 520 3030 3040 290
815833 -2824.68 22842 3.03077 510 4330 4830 280
816009 -2989.72 22838.2 3.0271 500 2440 2480 290
816097 -3151.93 22858 2.99016 500 3110 3190 310
816185 -3317.06 22898.8 2.94892 480 7390 7540 320
816273 -3491.13 22951.8 2.92384 460 800 830 340
816438 -3645.86 23001.7 2.9119 430 1710 2000 360
816614 -3807.64 23056.4 2.9125 420 2630 7490 380
816790 -3976.24 23109.4 2.91515 410 1980 1920 380
816966 -4138.23 23159.9 2.93712 380 1850 1810 420
817131 -4307.5 23231.2 2.93621 370 1810 1700 1230
817307 -4487.78 23313.6 2.95437 330 1920 2210 1030
817483 -4585.03 23359.2 2.96596 290 1540 2650 1310
817648 -4685.28 23404.8 2.9743 240 1870 2020 1370
817824 -4780.81 23446.7 2.98121 270 1790 4500 960
818000 -4955.08 23522.2 2.9674 300 1830 2250 500
818176 -5130.94 23591.4 2.93709 340 1120 1990 440
818341 -5307.26 23666.2 2.92995 400 1340 2010 380
818517 -5471.39 23739.2 2.89768 460 1740 1930 330
818693 -5611.73 23821 2.84584 500 4050 4160 300
818858 -5769.67 23913.4 2.81592 550 4020 2110 270
819034 -5944.74 23996.3 2.81434 560 7280 7620 260
819210 -6108.38 24048.4 2.83722 550 1770 2380 270
819375 -6283.89 24072.8 2.86695 500 5680 4010 310
819551 -6471.08 24074.6 2.92563 440 2120 1710 340
819727 -6659.8 24066.5 2.97983 390 4920 3720 390
819903 -6824.15 24061 3.02671 330 3610 4230 440
820068 -6994.13 24069.3 3.0768 310 3390 3460 470
820244 -7164.6 24092.1 3.11823 310 3270 5350 480
820420 -7313.22 24127.1 3.12605 330 2100 2160 450
820585 -7453.45 24186.9 3.08215 370 2870 2940 420
820761 -7593.92 24273.2 3.00405 410 4360 4370 370
820937 -7728.88 24366.2 2.936 480 2510 2590 310
821102 -7871.39 24465.6 2.856 530 7330 7600 270
821278 -8024.26 24560.2 2.82314 560 2120 2170 250
821454 -8191.71 24646.3 2.80936 440 4680 3710 250
821630 -8345.28 24696.5 2.81827 550 1900 1950 260
821795 -8512.29 24722.8 2.84471 460 3950 3990 290
821971 -8690.55 24736.1 2.86763 440 5190 4040 340
822147 -8861.05 24737.4 2.91339 390 4670 4730 410
822323 -9028.12 24732 2.95687 330 2500 2540 450
822488 -9193.5 24735.3 3.02367 290 4000 4060 510
822664 -9349.31 24759.3 3.074 260 4200 4260 540
822840 -9508.34 24807.4 3.12386 280 2640 4250 520
823005 -9650.14 24871.1 3.08668 310 4200 7370 490
823181 -9791.37 24953.8 3.04472 320 3150 4760 470
823357 -9923.5 25048.9 2.97857 380 2300 2240 410
823533 -10048 25157 2.8898 440 2670 2680 360
823698 -10166.5 25255.1 2.8269 470 2030 2070 340
823874 -10304.7 25352.4 2.79117 430 2480 3000 330
824050 -10454.3 25430.7 2.82128 450 1960 2220 350
824215 -10620.8 25486.6 2.87179 410 2210 2720 390
824391 -10794 25509.7 2.94081 360 2310 2340 440
824567 -10964 25515.4 2.98441 320 2360 2430 490
824743 -11128 25512.6 3.02206 270 2230 1500 530
824908 -11273.1 25517.3 3.00703 220 1970 1220 590
825084 -11415.6 25537.9 2.97227 200 1880 1930 630
825260 -11549.2 25582.7 2.92589 200 1470 510 640
825436 -11680.6 25654 2.84373 200 1520 690 640
825601 -11796.7 25739.1 2.7516 200 1370 940 630
825777 -11906.5 25822.6 2.69015 210 1220 1020 590
825953 -12026.9 25916.5 2.66506 270 1040 1030 540
826118 -12145.6 26013.5 2.68249 330 920 890 520
826206 -12271.4 26111.1 2.67506 390 830 800 530
826294 -12403.4 26196 2.69844 460 830 700 500
826382 -12552.2 26263.5 2.7348 690 2080 630 530
826470 -12688.5 26308.6 2.78299 630 3580 880 490
826558 -12832.2 26343.3 2.859 630 4190 660 500
826734 -12979.7 26360.8 2.95722 480 4190 660 490
826899 -13130.4 26366.5 3.08517 410 2420 740 440
827075 -13273.3 26363.5 -3.05382 390 3700 900 410
827251 -13410.3 26344.3 -2.91178 380 2660 4590 400
827416 -13480.7 26324 -2.82151 400 2510 3140 370
827592 -13545.2 26292.6 -2.72526 410 3250 3270 360
827768 -13602.7 26251.4 -2.61196 410 1850 2170 360
827944 -13652.4 26203.4 -2.49692 380 2970 2880 400
828109 -13693.3 26149.4 -2.4075 360 2250 2230 410
828285 -13758.1 26023.8 -2.23921 320 2630 2640 460
828461 -13802.5 25888.3 -2.09764 290 4580 4500 490
828626 -13828 25734.5 -1.99109 310 2300 2330 490
828802 -13840.6 25591.8 -1.88876 320 2170 2190 450
828978 -13862.3 25462.5 -1.85231 380 1650 1990 390
829154 -13903.3 25330.2 -1.79276 430 1940 1860 350
829319 -13963.1 25213 -1.78508 460 1200 1200 310
829495 -14036.6 25109.2 -1.77518 490 1500 1520 290
829671 -14108.1 24998.5 -1.80025 510 1350 1380 280
829836 -14169.1 24865.4 -1.82547 470 1200 1230 290
829935 -14201.1 24733.5 -1.82697 490 1060 1110 320
830100 -14203.2 24595.6 -1.78107 490 980 1030 350
830276 -14197.4 24434.5 -1.75515 480 850 930 430
830364 -14190.2 24272.4 -1.7199 640 750 850 540
830529 -14192.3 24117.1 -1.77846 2250 660 760 890
830617 -14205 23968.7 -1.83333 450 3580 740 1480
830705 -14233.8 23801.9 -1.92833 480 3580 740 1060
830793 -14281.9 23645.3 -2.03382 400 760 1950 1830
830881 -14346.5 23522.5 -2.1129 340 3120 3120 570
831046 -14391.9 23453.3 -2.19506 320 5680 3730 550
831222 -14486 23347.6 -2.33571 290 7590 3700 550
831398 -14607.7 23263.6 -2.48756 270 1840 2790 550
831563 -14669.9 23237.6 -2.5832 260 4490 3110 550
831739 -14791.8 23218.5 -2.73192 260 4450 1580 540
831915 -14859 23217.9 -2.82669 290 5630 3820 510
832080 -14928 23224.7 -2.91279 320 7520 3710 470
832256 -14995.4 23239.3 -3.00052 360 2580 2620 420
832432 -15059.9 23258.1 -3.08696 410 7430 5120 380
832608 -15167.9 23304.3 3.06124 420 2390 2420 370
832773 -15284.5 23354.7 2.98837 410 4180 2750 380
832949 -15423 23407 2.93622 410 2170 2650 380
833125 -15567.5 23444.1 2.92542 410 2550 2600 380
833290 -15719.4 23456.6 2.91284 410 2320 4510 380
833466 -15882.6 23454.7 2.92532 420 2910 2370 370
833642 -16048.7 23457.6 2.95132 430 7420 2250 360
833818 -16227.9 23479.6 2.95998 440 1910 1640 340
833983 -16385.2 23520.2 2.95794 430 6270 1530 350
834159 -16539.9 23576.1 2.92799 430 1000 1030 350
834247 -16690 23628 2.93663 430 3520 1700 350
834423 -16852.6 23680.8 2.95541 420 6090 4530 360
834588 -17001.9 23727 2.95289 410 970 1000 360
834676 -17147.1 23765.8 2.93431 400 3560 1300 370
834764 -17299.4 23807.6 2.94156 400 4810 1220 380
834852 -17438.8 23847.5 2.90832 390 7440 7460 380
835028 -17584 23897.3 2.92507 390 2340 980 390
835193 -17738.6 23950.2 2.91763 470 4380 860 410
835369 -17913.4 24012.2 2.94322 450 2730 4290 410
835545 -18000.4 24046 2.93254 440 3770 3790 420
835721 -18163.1 24106.3 2.91532 450 7490 3900 420
835886 -18324.9 24170.2 2.92285 390 2300 3560 420
835974 -18413.8 24205.5 2.91686 360 3240 3220 420
836150 -18499 24238.1 2.92161 360 7470 3510 410
836326 -18582.1 24271.9 2.91481 350 2260 2290 410
836491 -18739.4 24339.9 2.89769 340 5350 5130 430
836667 -18892.9 24404.8 2.90883 330 1600 1630 430
836843 -19061.2 24465.6 2.93871 320 2860 2870 440
837019 -19226.1 24518 2.97071 320 2110 4390 450
837184 -19378.8 24564.9 2.98956 320 2540 2560 440
837360 -19531.4 24613.6 2.99967 330 2230 2420 430
837536 -19614.4 24642.6 2.98837 320 1720 1760 450
837701 -19766.3 24704.2 2.97155 290 2050 2100 520
837877 -19914.1 24768.7 2.9742 310 1870 1940 2210
838053 -20061.4 24833.9 2.9543 520 1730 1820 2280
838229 -20211.4 24905.8 2.95991 690 1610 1710 2350
838394 -20354.4 24967 2.9412 1260 1480 1570 2400
838482 -20506.3 25017.7 2.92071 2500 1360 1440 360
838570 -20660.3 25068.6 2.85973 2480 1280 1330 2280
838658 -20812.1 25145.6 2.80122 1900 1160 1200 2230
838746 -20942.9 25251.2 2.70946 1850 1060 1090 2180
838834 -21056.6 25377.2 2.60733 1770 970 980 2230
838911 -21170.4 25539.1 2.5068 1730 1160 890 2200
838999 -21265.9 25692.5 2.44703 1750 830 810 2910
839087 -21357.5 25814.8 2.48224 1810 790 770 2850
839175 -21470.3 25898.5 2.56615 1250 850 730 2800
839263 -21543.1 25929.3 2.63788 750 1690 540 2220
839351 -21622.3 25948.5 2.72822 710 1450 710 1200
839439 -21702.1 25950.8 2.82556 690 1380 600 1150
839516 -21780.1 25936.4 2.94055 690 1350 520 1100
839604 -21854.7 25907.1 3.05949 280 1720 1170 1060
839692 -21914.9 25869.3 -3.09869 290 1980 1060 1010
839868 -21977.4 25813.7 -2.9465 320 2970 1000 990
840033 -22032.4 25747.7 -2.78884 350 2880 1030 950
840209 -22079.4 25676.5 -2.64757 380 2880 1310 940
840385 -22118.5 25602.4 -2.52394 490 1990 1250 940
840561 -22147.6 25527.1 -2.40305 600 2550 1150 1590
840737 -22169.2 25447.7 -2.27665 650 2500 4000 1360
840902 -22182.8 25376.7 -2.18428 670 2250 3080 1540
841078 -22192.2 25293.5 -2.1109 620 2080 3350 1570
841254 -22197.3 25208.9 -2.02853 530 1980 2890 1990
841419 -22198 25034.6 -1.89583 460 2640 1210 1360
841595 -22180.5 24880.7 -1.81643 440 1110 1060 870
841771 -22152.9 24728.3 -1.77882 360 2990 2040 880
841947 -22132.5 24573.5 -1.71645 280 2160 2150 900
842112 -22130.6 24409.8 -1.69714 280 2830 2790 910
842288 -22160.5 24266 -1.72662 320 2960 2750 880
842464 -22215.1 24153.7 -1.77973 450 1700 1490 840
842629 -22295.8 24020 -1.85234 490 2040 1640 820
842805 -22379.2 23881.5 -1.90498 490 1630 1860 790
842981 -22450.2 23758.3 -1.94519 530 2530 1960 780
843157 -22521.4 23623.5 -1.954 530 2490 2030 770
843322 -22589.5 23469.8 -1.92746 540 1680 1530 730
843498 -22639.3 23306.1 -1.89437 580 1680 1800 710
843674 -22659.3 23153.5 -1.84072 590 1910 1630 680
843850 -22680.5 22989.3 -1.82361 610 1760 1680 660
844015 -22708.5 22825.3 -1.81015 660 1440 2180 630
844191 -22740 22677 -1.80197 680 1410 1550 620
844367 -22783.5 22518.8 -1.8048 700 1290 3100 610
844532 -22830.4 22348.1 -1.79152 780 1120 3250 610
844708 -22872.8 22167.6 -1.75917 710 1040 3820 650
844884 -22904.1 22009 -1.74246 760 3760 3130 710
845060 -22939.3 21841.5 -1.73839 710 2760 3460 690
845225 -22978.2 21670.5 -1.72493 680 2620 2690 700
845401 -23017.2 21499.6 -1.72224 700 2440 2820 630
845577 -23060.6 21349.8 -1.78462 630 4990 3630 580
845742 -23122.3 21181.1 -1.79815 730 2130 2210 560
845918 -23187.7 21004.8 -1.79895 550 1940 2390 500
846094 -23244.7 20854.8 -1.79277 900 2710 2760 410
846270 -23302 20698.3 -1.79366 990 1530 1600 350
846435 -23356.4 20531.4 -1.806 1020 1120 1440 310
846611 -23400 20367 -1.79702 1040 1200 1280 310
846787 -23447.4 20220.2 -1.80739 1020 1040 1810 320
846963 -23497.2 20056.3 -1.77372 930 880 2270 380
847128 -23526.5 19865.9 -1.75312 880 800 2100 430
847304 -23525.2 19689.1 -1.75165 810 1960 1730 480
847480 -23510.2 19496.4 -1.77578 770 2300 1750 530
847645 -23505.3 19301.3 -1.74863 730 2250 2190 570
847821 -23524.4 19114.1 -1.74742 700 1610 1360 600
847997 -23580.9 18954 -1.8293 640 1790 1280 640
848162 -23674.1 18799.3 -1.87889 630 1520 1220 650
848338 -23791.5 18647 -1.86234 620 1510 1300 680
848514 -23907.5 18502.9 -1.84607 760 1280 1320 640
848690 -23999.5 18386.9 -1.88667 830 1140 1140 590
848855 -24091.9 18257 -1.90313 840 980 990 460
849031 -24180.6 18122 -1.90556 790 800 820 540
849207 -24257.8 18000 -1.93125 720 700 720 570
849460 -24338.2 17874.1 -1.96028 640 610 640 640
849636 -24422.4 17731.4 -1.96708 610 520 570 680
849900 -24477.8 17574.5 -1.92772 620 450 460 680
850153 -24496.6 17390.9 -1.87632 650 380 420 660
850417 -24486.6 17204.5 -1.83044 680 330 390 630
850670 -24493.7 17041.8 -1.80397 730 300 290 580
850934 -24536.7 16934.5 -1.83637 770 330 230 490
851198 -24611.2 16866.3 -1.91691 790 310 200 420
851451 -24688.3 16818.8 -1.98372 410 270 350 370
851715 -24741.1 16746.9 -2.02373 210 210 310 320
851979 -24746.2 16688.7 -2.10034 290 250 270 280
852232 -24738.1 16625.1 -2.1547 680 230 250 300
852408 -24723.6 16567.5 -2.13748 930 210 290 610
852573 -24692.3 16492.6 -2.05788 840 530 600 240
852749 -24637.3 16425.5 -1.97446 760 2480 420 290
852925 -24590.6 16342.1 -1.90053 660 1760 1790 350
853090 -24565.7 16248.4 -1.80107 620 1660 1700 410
853266 -24564.7 16141.3 -1.75065 3050 2520 2550 480
853442 -24576.9 16029.3 -1.70695 2250 1630 1630 520
853530 -24627.1 15917.2 -1.67785 2990 2280 2260 3420
853695 -24705.1 15824.7 -1.6707 3120 2190 2160 3530
853871 -24798.5 15771.2 -1.74151 2090 1490 1470 2480
854047 -24903.8 15718.4 -1.81674 3730 2310 1840 3450
854135 -25020 15656.3 -1.90803 2370 2460 1800 2330
854223 -25123.8 15585.5 -1.94459 3840 2340 1650 3360
854300 -25207.1 15500.4 -1.96761 5470 2260 2260 3310
854388 -25277.9 15384.9 -1.86663 5470 3400 2160 3310
854476 -25326.1 15249.9 -1.72751 1570 3400 2160 1170
854564 -25331.9 15179.6 -1.6388 1510 1550 1600 1180
854652 -25302.2 15037.9 -1.46934 1500 3090 3190 1180
854740 -25231.1 14888.7 -1.30825 1510 3050 3120 1200
854828 -25131.8 14749.5 -1.15684 1530 3050 3120 1200
854916 -25067.7 14685.8 -1.06701 1590 1430 1470 1210
854993 -24997.8 14633 -0.974177 1590 2450 2700 1220
855081 -24931.4 14594 -0.88625 1740 2520 2600 1210
855257 -24850.4 14556.5 -0.788052 1750 2520 2520 1190
855433 -24766.5 14525.7 -0.689232 1760 2150 2160 1230
855598 -24681.5 14500.4 -0.594616 1800 2050 2040 1210
855686 -24594.1 14481 -0.501722 1840 1950 1960 1150
855774 -24502.8 14470.2 -0.390944 1830 1950 2100 1150
855950 -24407.9 14469.2 -0.267018 2330 1760 1790 1110
856126 -24316.6 14478.4 -0.160135 1670 1660 1840 1120
856291 -24239 14497 -0.0675355 1750 1560 1640 1150
856467 -24151.1 14527.3 0.0249687 1610 1480 3890 1200
856643 -23977.9 14604.7 0.158924 970 1780 5070 1290
856808 -23808.7 14677.6 0.211641 1140 2650 2650 1370
856896 -23654.2 14724 0.202407 1110 4820 4800 1420
857072 -23576.7 14735.3 0.178076 890 5400 4620 1170
857248 -23502.5 14733.1 0.126866 920 2680 2710 1350
857413 -23364.2 14690.3 0.0165322 880 4310 4290 1260
857589 -23228.5 14608.9 -0.101054 1340 4210 3480 1290
857765 -23112.1 14504.8 -0.185715 1320 5370 3920 1770
857941 -22993 14384.7 -0.276135 1230 2880 2140 1180
858117 -22869.4 14253.3 -0.361059 1310 4050 3320 1260
858293 -22737.5 14115.9 -0.377957 1340 5040 3540 1250
858458 -22666.8 14042.6 -0.369805 1370 3990 1980 1210
858634 -22531 13917.1 -0.38219 1430 4660 4500 1200
858722 -22388 13805.3 -0.363434 1450 1490 1520 1210
858887 -22243.6 13703.5 -0.349008 1470 3320 4000 1220
858975 -22078.7 13608.7 -0.298426 1500 4360 4140 1250
859063 -21911.3 13539.2 -0.273253 1520 4360 4140 1540
859151 -21740.5 13482.4 -0.26456 1550 1960 2000 1520
859316 -21556.1 13444 -0.274666 1580 2850 3910 1480
859492 -21366.9 13413.8 -0.239217 1640 2720 3840 1420
859668 -21198.1 13384.6 -0.216196 1720 2570 2940 1340
859844 -21018.8 13354.5 -0.182469 1740 3380 5790 1290
860009 -20927.8 13339.1 -0.151008 1830 3600 3630 1240
860185 -20751.9 13309.2 -0.113541 1870 3090 3150 1240
860361 -20662.6 13299.4 -0.0871315 1860 4120 3040 1230
860537 -20578.6 13293.5 -0.0703086 1780 2920 2950 1280
860702 -20493.8 13291.5 -0.073774 1750 4950 5020 1340
860790 -20329.4 13292.1 -0.115026 1680 4950 5020 1370
860966 -20146.2 13300.5 -0.162213 1620 2860 2890 1420
861142 -19971.6 13304 -0.168872 1580 5250 4930 1480
861307 -19793 13290.5 -0.191252 1250 1610 1650 1490
861483 -19621 13243.1 -0.184114 1410 4160 4220 1490
861659 -19454.7 13146.7 -0.242707 1230 2900 3000 1440
861824 -19309.3 13026.3 -0.3027 1290 1490 3880 1390
862000 -19156 12891.7 -0.319808 1350 1400 3730 1350
862176 -19006.2 12765.9 -0.338624 2840 1150 2490 1300
862352 -18930 12704.1 -0.342771 3720 2170 3150 1110
862517 -18775.8 12599.7 -0.313981 1400 2030 3030 1540
862693 -18609.3 12513.2 -0.286198 1380 1900 2810 1810
862869 -18435.5 12450.6 -0.239473 1360 2630 2910 1030
863045 -18249.3 12421.5 -0.150683 1690 2340 3190 1690
863210 -18064.9 12406.1 -0.0737569 1660 2710 3160 1300
863386 -17880.8 12383.1 -0.0557446 1560 1890 3020 3330
863562 -17687.4 12342.4 -0.0456159 1490 2760 2840 3960
863727 -17510.3 12278.5 -0.101278 1520 2660 2810 2190
863903 -17330.3 12195.2 -0.161748 1460 2570 2810 2190
863991 -17156.1 12109.4 -0.210131 1380 2550 2810 2360
864167 -16974 12011.7 -0.273796 1330 3560 2810 2410
864332 -16819.4 11901 -0.362062 1350 4580 4070 2650
864508 -16682.5 11764.7 -0.510836 1240 3600 4870 2580
864596 -16563 11629.1 -0.653551 1180 3600 4720 2540
864772 -16460.1 11475.2 -0.803633 1120 4810 4630 2520
864860 -16385.5 11312.4 -0.923682 1060 4810 4520 2200
864948 -16324.2 11135.2 -1.02731 1010 4810 4430 2190
865113 -16273.5 10946 -1.11389 940 4300 4290 2200
865201 -16252.2 10854.3 -1.18782 430 4140 4150 2170
865377 -16229.9 10674.9 -1.30139 380 4140 4080 2140
865542 -16229.6 10497.4 -1.41131 390 2960 2980 2120
865630 -16253.5 10312.3 -1.53717 440 3800 3790 2070
865718 -16276.2 10220.1 -1.62736 490 3800 3720 2030
865806 -16330.1 10045.8 -1.73851 550 1910 1970 1970
865894 -16358.3 9955.8 -1.80085 610 3550 3530 1920
865982 -16386.6 9865.2 -1.83055 3010 6980 3450 1850
866070 -16431.5 9690.2 -1.83607 2590 6980 3400 1790
866147 -16450.2 9599.8 -1.81903 3130 1890 1920 1730
866235 -16471.9 9418.7 -1.81979 3750 3220 3190 1690
866323 -16473.4 9233.5 -1.79383 3260 3110 3100 1650
866411 -16463.7 9128.9 -1.77803 2640 3110 3040 1650
866499 -16444.9 9023.3 -1.74639 3230 1940 1970 1620
866576 -16424.1 8919.9 -1.71742 3540 4540 2800 1630
866664 -16402.5 8820.4 -1.6934 3510 7150 2680 1640
866752 -16379.2 8723.9 -1.67327 2760 7150 2590 1650
866840 -16358.9 8625.8 -1.64142 3420 2050 2070 1650
866928 -16345.9 8539.1 -1.61445 3450 2340 2350 1660
867016 -16338 8437.4 -1.59866 3340 2240 2240 1520
867181 -16338.8 8339.3 -1.58514 2840 2140 2140 1530
867357 -16352.8 8246.5 -1.55908 3220 2040 2060 1720
867445 -16376.4 8151.1 -1.59345 3290 1950 1990 1730
867533 -16402.2 8075.1 -1.62063 3240 1910 1920 1760
867621 -16434.8 7986.1 -1.6147 2690 1910 1850 1770
867709 -16471.7 7896.3 -1.62797 3090 1930 1800 1640
867885 -16511 7808.6 -1.6683 3060 4460 4510 1770
868050 -16551.2 7722.1 -1.68657 1290 6970 7010 1770
868138 -16590.3 7643.4 -1.68968 2520 6970 7010 1760
868226 -16666.4 7503.8 -1.76519 3030 1720 1740 1740
868402 -16754.9 7355.1 -1.8381 850 4240 4230 1710
868567 -16801.2 7276.8 -1.87069 850 4010 6770 1700
868743 -16847.9 7195.4 -1.89106 850 4010 6770 1660
868919 -16893.8 7109.3 -1.90608 890 3020 3080 1580
869084 -16935.2 7025.1 -1.92345 700 3540 3670 960
869260 -17002.2 6854.2 -1.92212 980 2200 2210 1550
869436 -17047.1 6685.6 -1.90377 980 3250 3330 1450
869524 -17064.7 6593.2 -1.88656 950 3220 3290 1590
869689 -17077.5 6500.2 -1.86963 910 2100 2110 1630
869777 -17096.1 6322.8 -1.84921 850 3030 3130 1680
869865 -17109 6155.8 -1.84689 330 2990 7280 310
869953 -17120.5 5965.9 -1.80644 750 2990 7280 1780
870041 -17146.9 5775 -1.76864 710 2190 2220 1810
870129 -17185.3 5610 -1.78679 680 4850 4890 1840
870217 -17255 5450.2 -1.8345 630 5410 5830 550
870382 -17368.2 5293.7 -1.88153 650 5410 2700 1880
870558 -17434.1 5223.5 -1.9115 650 3800 3850 1890
870734 -17561.4 5089.7 -1.96837 690 5050 5100 1860
870899 -17627.4 5011.6 -1.98711 740 3700 3740 1600
870987 -17689.6 4928.9 -1.99574 820 4610 4650 1510
871075 -17749 4841.5 -1.98734 860 4500 4540 1450
871251 -17804.5 4749.5 -1.98286 910 4420 4450 1400
871427 -17852.3 4656.3 -1.99676 990 3750 3780 1440
871592 -17890.8 4563.2 -2.00536 1060 2880 2900 1260
871768 -17937 4389.1 -2.01641 1090 3980 3980 1460
871944 -17954.7 4186.7 -2.01571 850 7580 3870 1360
872109 -17949.1 3974.9 -1.97374 1030 3010 3040 1250
872285 -17927.2 3783.3 -1.91025 990 7490 3550 530
872461 -17910.8 3685.1 -1.87141 950 1940 1980 1040
872637 -17893.2 3585.2 -1.85783 910 3140 3290 1090
872802 -17870.7 3383.1 -1.83021 890 2970 700 1110
872978 -17882.3 3192.7 -1.76611 900 2810 4370 1100
873066 -17922.1 3029.1 -1.78879 930 2770 5830 1060
873242 -17995.1 2861 -1.82351 970 730 790 1040
873407 -18084.9 2690.1 -1.87031 1040 4200 2480 1020
873583 -18171.5 2536.7 -1.89124 1110 3310 1610 1010
873759 -18266.1 2385.2 -1.95433 1170 3260 2160 1050
873924 -18353.6 2222.8 -1.93718 1140 5830 2050 1070
874023 -18425.6 2044.1 -1.91541 1110 5830 1910 1090
874100 -18460.7 1871.5 -1.85607 1110 3170 4650 1070
874188 -18464.5 1687.3 -1.77818 1220 5030 5780 1040
874276 -18461.4 1591.4 -1.736 1140 4900 5780 900
874364 -18463.5 1394.4 -1.6744 1170 3250 5780 940
874452 -18478.1 1206.8 -1.58762 1220 2700 3030 880
874540 -18482.3 1012.1 -1.5326 1300 2970 3120 840
874705 -18456.8 810.1 -1.42602 1020 2450 2980 770
874793 -18390.5 621.7 -1.25245 1410 1620 2790 710
874969 -18331.3 517.5 -1.14674 1450 3590 2810 680
875145 -18278.5 443.5 -1.08873 1470 3330 3220 680
875310 -18212.1 366.8 -1.04636 1470 2380 3220 1830
875486 -18140.2 296.9 -1.01192 1450 2550 4690 1360
875662 -18065.4 230.7 -0.966407 1360 1520 3410 1910
875750 -17988 165.3 -0.920237 1280 3340 3350 1970
875827 -17908.5 99.7 -0.899966 1230 2550 5370 2060
876003 -17775.3 -17 -0.89751 1160 2550 5370 1480
876179 -17720.1 -86.8 -0.968278 1090 2040 2080 2140
876355 -17642.7 -238.2 -1.06995 1080 2290 4940 2200
876520 -17586.5 -411.7 -1.13103 1000 1620 2970 1950
876696 -17561.7 -585.4 -1.15927 930 4850 4080 2300
876872 -17557.1 -785.3 -1.20538 860 6180 4600 1850
877048 -17571.2 -996.1 -1.26564 810 2450 4070 1340
877213 -17578.4 -1107.3 -1.2304 790 4060 4150 1320
877389 -17581.5 -1204.3 -1.19617 810 3880 1240 1290
877554 -17572.7 -1404.4 -1.14492 840 4950 3780 1270
877642 -17553.1 -1576.7 -1.03635 880 6200 3820 1230
877730 -17532.4 -1755.4 -1.03375 920 1010 1040 1190
877818 -17525.1 -1935.6 -1.03193 970 3460 3490 1160
877906 -17512.7 -2125.7 -1.05719 970 5980 3040 1130
877994 -17475.1 -2301.1 -1.07855 1090 5980 3040 1080
878082 -17401.6 -2470.2 -1.07616 4960 1670 1690 1040
878258 -17305.7 -2629.7 -1.02486 3870 3350 4220 980
878423 -17191.2 -2785.8 -0.942375 660 7610 7630 650
878511 -17074.7 -2914.7 -0.890725 3170 7610 6380 910
878687 -17005.5 -2978.3 -0.832112 6520 4090 4110 810
878852 -16929.9 -3037.8 -0.77212 1320 5780 5800 650
878940 -16851.5 -3094.8 -0.715264 1420 870 5800 770
879028 -16774.5 -3148.1 -0.641898 1390 3100 3100 770
879116 -16698.2 -3198.3 -0.577508 1390 5620 5640 800
879204 -16620.8 -3245.9 -0.553418 1130 5620 5640 800
879292 -16468.6 -3337.4 -0.538702 1310 410 3120 820
879380 -16332 -3436.1 -0.574899 1300 3790 3010 850
879468 -16265.3 -3498.9 -0.626862 1520 6380 2880 880
879633 -16164.5 -3637.7 -0.712713 1320 6380 2880 880
879721 -16104.1 -3783.6 -0.778208 1360 1270 1310 900
879809 -16076.1 -3871.1 -0.818279 1330 3810 2910 930
879897 -16048.3 -3964.2 -0.836981 1290 4770 2810 930
879985 -16016.2 -4062.8 -0.823574 1250 4770 2810 970
880073 -15978.7 -4159.1 -0.808845 1220 1330 1370 970
880238 -15934.5 -4250.2 -0.787357 1210 3970 2470 980
880326 -15885.7 -4333.6 -0.758254 1210 4320 4350 1010
880414 -15833 -4406.8 -0.730316 1190 4220 4250 1010
880502 -15712.2 -4536.3 -0.688669 1190 1570 1610 1010
880590 -15636.2 -4604.8 -0.657888 1200 3480 4010 1000
880755 -15555 -4665.4 -0.617656 1210 3370 3890 1000
880843 -15471.4 -4717.1 -0.572887 1230 3370 3830 980
880931 -15385.5 -4764.4 -0.540408 1240 1460 1510 960
881019 -15299.6 -4808.6 -0.508956 1270 3640 3120 930
881107 -15135.5 -4887.5 -0.447718 1330 3560 3540 910
881195 -15044.8 -4923.7 -0.391006 1340 3560 3540 880
881360 -14952.3 -4955.7 -0.332086 1350 1180 1230 850
881448 -14856.6 -4984.2 -0.299822 1380 3770 3330 830
881536 -14759.6 -5008.8 -0.253772 1420 6100 3260 810
881624 -14578.3 -5042.7 -0.165172 1430 6100 3260 770
881712 -14481.4 -5055.1 -0.134258 1480 1210 1240 740
881800 -14381.8 -5066.2 -0.111899 1500 3720 3000 710
881888 -14283.5 -5075.8 -0.0986741 1520 5560 2930 700
881965 -14189 -5085.6 -0.0818423 1530 5560 2930 680
882053 -14098.7 -5093.9 -0.0832445 1530 2010 2040 680
882141 -13932.3 -5108.5 -0.11215 1510 4550 2680 690
882229 -13840.7 -5119.7 -0.134805 1480 5190 5120 720
882317 -13742.9 -5131.1 -0.149032 1440 3020 3080 740
882405 -13639.9 -5139.6 -0.138745 1470 2810 2830 780
882493 -13532.3 -5147.7 -0.124169 1350 4800 4830 830
882581 -13427.2 -5157.7 -0.112011 1040 4700 4730 890
882746 -13325.3 -5174.4 -0.107438 1240 370 370 930
882834 -13240.3 -5193.8 -0.114305 1200 2900 2940 970
882922 -13150.3 -5222.6 -0.117179 1180 4380 4450 1010
883010 -13060.8 -5260.5 -0.125671 1160 4280 4350 1010
883186 -12969.6 -5307.3 -0.161464 1160 460 500 1010
883351 -12881.3 -5361.1 -0.201266 1170 3070 3110 1000
883527 -12797.2 -5419.6 -0.220922 1210 3980 4010 980
883703 -12719.5 -5485.4 -0.248337 1240 3980 3920 950
883868 -12651.2 -5554.6 -0.298008 1270 1320 1360 920
884044 -12521.8 -5688 -0.321655 1330 3630 3630 860
884220 -12447.7 -5755.3 -0.354031 1410 2810 2780 770
884396 -12367.1 -5819.3 -0.364163 1460 3400 3280 730
884561 -12283.8 -5873.6 -0.357428 1510 3170 3110 690
884737 -12113.8 -5946.2 -0.348349 1560 2790 2800 670
884913 -11948.3 -5986.8 -0.313173 1550 2720 2730 670
885078 -11761.7 -6011.1 -0.286784 1530 2040 2580 690
885254 -11570.6 -6020.5 -0.241875 1530 2390 2400 740
885342 -11390.3 -6019.5 -0.17877 1510 2260 2300 780
885430 -11198.4 -6011.6 -0.172047 1950 2200 2230 1470
885518 -10993.6 -6028.4 -0.126302 1940 2080 2160 1490
885694 -10789.7 -6059.5 -0.110011 1910 2020 2040 1510
885859 -10611.6 -6103.5 -0.154855 1890 1840 2280 1550
886035 -10424.5 -6173.2 -0.218876 1850 1920 4890 1620
886123 -10232.8 -6257.8 -0.293367 1780 1740 6150 1750
886211 -10069.9 -6353.5 -0.385704 1730 1740 880 2040
886376 -9916.83 -6479.9 -0.521287 5800 3410 3430 2080
886464 -9843.99 -6556.1 -0.576591 5800 3410 3520 2080
886552 -9773.73 -6638.8 -0.626534 1530 3410 3520 1820
886640 -9710.58 -6721.3 -0.686514 2320 2780 3370 1590
886805 -9608.82 -6882.1 -0.802144 830 3440 3280 1590
886981 -9551.44 -7035.3 -0.946377 760 6090 3180 1590
887157 -9516.83 -7210 -1.15676 610 2270 1950 1590
887333 -9510.5 -7294.6 -1.25334 590 5590 2780 1560
887498 -9510.56 -7373.2 -1.32569 620 2650 2660 1490
887586 -9539.79 -7516.4 -1.46491 680 2540 2540 1410
887762 -9568.02 -7592.3 -1.53514 790 2480 2460 1300
887927 -9598.34 -7670.7 -1.577 890 920 950 1210
888015 -9628.37 -7750.3 -1.61764 940 3530 3570 1160
888103 -9685.23 -7909 -1.73737 1010 5150 4320 1120
888191 -9718.02 -8076.4 -1.74323 1040 5150 4320 1070
888367 -9707.3 -8241.5 -1.77982 1080 870 910 1040
888543 -9665.8 -8421.1 -1.74804 1130 3600 4010 1210
888708 -9605.9 -8609.5 -1.71293 1230 2280 2680 1350
888884 -9575.08 -8709.9 -1.69617 1280 3250 3260 1310
889060 -9526.38 -8904.7 -1.65154 1290 3840 3460 1300
889225 -9495.01 -9088.7 -1.64319 1260 1930 1980 1310
889313 -9482.89 -9191.7 -1.64635 1250 3100 3180 1340
889401 -9472.66 -9294.4 -1.63848 1230 3100 3820 1340
889577 -9461.47 -9396.2 -1.63665 1230 810 860 1350
889753 -9436.52 -9589.7 -1.63327 1250 2750 3110 1340
889918 -9427.67 -9778.2 -1.651 1270 2630 3350 1310
890094 -9447.06 -9958.3 -1.67471 1300 1630 1680 1280
890270 -9503.98 -10149.1 -1.72601 1340 2300 3030 1250
890435 -9577.22 -10327.3 -1.77055 1350 800 840 1230
890523 -9648.37 -10500.2 -1.7885 1360 2040 2780 1220
890611 -9686.39 -10596.5 -1.78932 1390 1950 2080 1220
890699 -9717.73 -10693.4 -1.79172 1390 1950 2080 1190
890787 -9758.91 -10889.2 -1.75755 1420 620 650 1170
890963 -9782.83 -11081.9 -1.7386 1450 1630 1740 1140
891128 -9806.09 -11263.1 -1.73044 1360 1470 1960 1090
891304 -9831.4 -11451.6 -1.72952 1570 460 490 1010
891480 -9864.85 -11626.2 -1.73959 1660 1160 1280 960
891645 -9896 -11794.6 -1.74539 1450 920 1080 920
891821 -9908.81 -11890.3 -1.73404 1700 880 990 940
891909 -9919.49 -11992 -1.74296 1690 800 2840 960
891997 -9925.2 -12095.4 -1.75423 1220 3650 4360 1000
892085 -9929.98 -12194.4 -1.73804 870 750 4250 1050
892173 -9917.22 -12380.3 -1.71835 650 3000 2360 810
892338 -9891.75 -12550.6 -1.72533 1460 3170 3290 790
892426 -9887.12 -12733.6 -1.71443 1170 3970 3950 760
892514 -9919.79 -12901 -1.7026 1330 720 2030 790
892690 -9991.72 -13042.5 -1.74893 1260 3330 1870 770
892866 -10114.2 -13190.7 -1.80505 1190 1680 1950 750
893031 -10190.4 -13262.5 -1.82111 1150 1870 1890 730
893207 -10267.6 -13330.6 -1.82938 780 3290 2320 740
893383 -10342.7 -13397.8 -1.83584 620 2370 2390 810
893548 -10411.9 -13463.7 -1.85582 550 2910 2950 840
893724 -10531.1 -13580.2 -1.87446 2600 2700 1660 960
893900 -10591.9 -13645.8 -1.8873 530 2550 2600 1030
894076 -10649.7 -13711.8 -1.89377 590 1850 1890 1040
894241 -10750.3 -13842.6 -1.94379 730 2170 2210 1060
894417 -10835.9 -13967.1 -1.94098 730 2120 2160 1080
894593 -10917.9 -14087.1 -1.96282 850 1470 1490 1120
894681 -11025.4 -14225.2 -1.97819 910 1690 1690 2130
894769 -11130.4 -14372.4 -1.98531 1910 1690 1580 1850
894934 -11208.1 -14516 -1.97749 4490 1460 1220 2100
895022 -11272.8 -14675.2 -1.95938 6390 1370 1340 2070
895198 -11334.9 -14835.9 -1.94229 1780 2330 1220 2010
895286 -11403.4 -14998.4 -1.91617 1690 2000 1110 1960
895462 -11467.1 -15152.8 -1.88542 1720 1950 2140 1910
895550 -11525.9 -15331.2 -1.79058 1780 1830 1920 1850
895627 -11560.4 -15524.1 -1.68268 940 1740 1780 1790
895715 -11554.1 -15618.2 -1.5847 880 1610 1620 1100
895803 -11532.8 -15712.5 -1.48918 840 1560 1480 1060
895979 -11463.6 -15879.2 -1.34477 810 1420 1360 3430
896155 -11416.7 -15965.6 -1.25274 790 1530 1240 1010
896320 -11299.8 -16128.1 -1.07882 800 4120 1040 980
896496 -11231.7 -16200.2 -1.00349 820 3980 970 950
896672 -11081.8 -16325 -0.844616 880 2670 2380 880
896837 -10993.4 -16377.6 -0.745882 970 2240 2440 820
897013 -10909.1 -16418.2 -0.692282 790 2580 2060 750
897189 -10810 -16461 -0.629634 990 2730 2720 690
897365 -10710.4 -16499.3 -0.540069 810 3110 3150 650
897530 -10519 -16557.2 -0.409069 960 2480 2900 770
897618 -10332.2 -16588.8 -0.303304 1080 1530 2880 720
897794 -10145.2 -16595.8 -0.256948 1020 2140 2190 830
897970 -9936.59 -16581.8 -0.223117 970 2590 2710 1040
898135 -9736.03 -16549.7 -0.202501 940 2520 2620 1070
898311 -9571.89 -16527 -0.165397 930 1970 2970 1100
898487 -9398.76 -16526.8 -0.12672 970 2250 6940 1100
898652 -9218.24 -16584.1 -0.0967693 1590 2030 4390 1090
898828 -9046.76 -16672.7 -0.1215 1590 2020 4420 1090
898916 -8906.02 -16767.3 -0.165324 1590 1950 6950 1090
899004 -8831.41 -16821.8 -0.221048 1590 1910 6950 1090
899169 -8682.98 -16922.7 -0.266853 1090 1700 2970 1080
899257 -8541.73 -17004.3 -0.308262 1650 1660 6660 1060
899433 -8406.59 -17061.3 -0.302112 990 1660 6660 1040
899521 -8257.42 -17110.2 -0.288396 990 1330 1360 1040
899609 -8105.33 -17168.4 -0.250667 980 3830 3870 1030
899774 -7962.49 -17224.4 -0.238442 1000 5530 6350 1040
899950 -7804.88 -17275.5 -0.205754 1030 1140 1180 1040
900126 -7717.16 -17300.8 -0.196235 1090 4440 4040 1040
900214 -7623.19 -17326.4 -0.182675 1160 5120 4300 960
900379 -7454.35 -17374.8 -0.19983 1220 1460 1460 920
900467 -7371.2 -17398.5 -0.174954 1260 3840 3960 870
900643 -7205.11 -17441.3 -0.169071 1330 3700 3880 770
900819 -7115.11 -17458.5 -0.176948 1350 2840 3190 690
900984 -7019.24 -17472.8 -0.187581 1320 3120 6490 1020
901072 -6829.76 -17491 -0.208999 1270 4330 6490 1370
901248 -6639.93 -17487.2 -0.171574 1200 3560 2570 1410
901424 -6442.79 -17477.9 -0.133135 1160 6430 2940 1460
901589 -6339.94 -17475.6 -0.116459 1110 3890 2160 1490
901765 -6148.38 -17485.6 -0.106486 1080 5240 2610 1530
901941 -6049.44 -17503.2 -0.114107 1050 6580 2580 1550
902117 -5872.69 -17567.6 -0.155032 1040 2830 1960 1560
902282 -5700.17 -17663.3 -0.22358 1030 6690 2300 1580
902458 -5539.2 -17774.8 -0.27031 1010 1580 1610 1590
902634 -5453.78 -17833.7 -0.293189 1000 4140 1980 1600
902799 -5300.09 -17933.7 -0.35209 1030 4170 1950 1600
902887 -5140.14 -18033.3 -0.400955 1070 2380 2420 1640
902975 -4987.8 -18115.7 -0.411745 500 3800 7440 1620
903151 -4832.21 -18194.2 -0.443725 1130 3800 7440 1920
903327 -4677.04 -18261.4 -0.431926 1270 2890 3510 2220
903492 -4514.86 -18333.5 -0.415862 360 3510 7310 2250
903668 -4357.19 -18398.7 -0.387665 1250 2760 4680 1880
903844 -4183.23 -18452 -0.365765 1280 3230 4550 2060
904020 -4002.49 -18490.4 -0.315459 1350 2980 7090 1620
904185 -3823.32 -18518.7 -0.282091 1460 2280 3150 1190
904361 -3723.67 -18532.7 -0.263254 1490 2200 6930 1140
904537 -3625.38 -18545.3 -0.247398 1490 2600 4760 1130
904702 -3437.84 -18566 -0.205978 1090 2430 5120 1160
904878 -3241.38 -18577.8 -0.164897 1400 2430 5120 1210
905054 -3047.16 -18586.2 -0.159821 1330 3720 3470 1270
905230 -2845.41 -18576.9 -0.141322 950 7630 5320 1030
905395 -2659.72 -18551.7 -0.0595032 1200 2520 2550 2050
905571 -2476.07 -18547.5 -0.057167 1200 5980 3970 1830
905747 -2312.16 -18571.3 -0.0984128 1180 2160 2190 2110
905912 -2164.53 -18623.7 -0.167249 1210 6040 3680 2100
906088 -2031.47 -18719.2 -0.251799 1140 3510 2350 1490
906264 -1896.34 -18833.4 -0.314442 1140 5290 3330 1460
906440 -1755.29 -18952.9 -0.343819 1130 3660 3220 1440
906605 -1620.43 -19048.7 -0.370583 1150 3120 4100 1400
906781 -1466.89 -19129.5 -0.352571 1070 3360 5380 1140
906957 -1310.72 -19196.1 -0.370509 1190 2640 2680 1360
907133 -1155.39 -19260.2 -0.363403 970 5380 5170 1010
907298 -1007.06 -19327.3 -0.360428 1260 5020 4130 1310
907474 -854.982 -19395.1 -0.36713 1310 4880 4920 1270
907650 -680.968 -19465.5 -0.34584 940 7400 7440 820
907815 -499.609 -19516.3 -0.298139 1840 3450 3480 1130
907991 -318.434 -19561 -0.25557 1130 4700 4720 1050
908167 -136.057 -19603.5 -0.258992 1960 1640 1670 940
908332 54.0677 -19644.7 -0.232753 1970 5450 5470 850
908508 228.743 -19684.1 -0.234255 1840 5450 3300 800
908596 419.713 -19719.8 -0.228198 2560 2840 2850 2000
908684 619.978 -19742.5 -0.220529 2600 5370 5370 830
908772 810.921 -19735.5 -0.149282 1790 5370 5370 860
908860 989.379 -19703.4 -0.142467 1750 1080 1080 920
909025 1166.46 -19660.4 -0.0958029 1670 4470 4480 980
909113 1353.65 -19598.4 -0.0399627 1580 4470 7380 1060
909201 1530.35 -19564.4 -0.0232481 1470 1060 1080 1140
909289 1680.65 -19599.8 -0.0408229 1400 4540 4560 1200
909465 1855.92 -19713.5 -0.137122 1060 7010 2980 1040
909630 1942.8 -19786.2 -0.175112 1250 2940 2960 1340
909806 2023.36 -19865.6 -0.209336 1170 4080 3040 1310
909982 2096.21 -19945.8 -0.223803 1110 4870 2490 1480
910147 2166.79 -20028.9 -0.280689 1060 3580 1580 1480
910323 2302.92 -20193.6 -0.387928 900 4240 4270 1140
910499 2378.67 -20284.1 -0.427057 1050 870 900 1560
910675 2449.8 -20366.9 -0.501899 920 4700 4740 1150
910840 2520.11 -20442.7 -0.519294 1720 910 930 1550
911016 2658.33 -20565.8 -0.495573 1260 5000 4360 1160
911104 2791.76 -20679.7 -0.488033 1720 920 950 1540
911192 2946.31 -20798.1 -0.474191 1730 4270 4310 1540
911280 3108.73 -20890 -0.448293 860 5190 4540 810
911368 3263.61 -20962.1 -0.446596 1160 5140 4410 1510
911456 3433.79 -21028.7 -0.421974 1150 3500 3550 1500
911533 3607.27 -21086.5 -0.397699 830 4150 4170 780
911621 3771.19 -21137.7 -0.387751 1160 4040 4060 1420
911709 3932.63 -21189.9 -0.394455 1200 3420 3440 1390
911885 4121.12 -21248.1 -0.368156 1230 3950 3850 1370
912050 4222.61 -21274.3 -0.38029 1230 3950 4470 1370
912226 4326.7 -21295.1 -0.389252 1190 2690 2630 1420
912314 4432.41 -21309 -0.380133 640 3460 3470 1470
912402 4538.48 -21317.1 -0.369553 1090 3500 3380 1510
912490 4645.72 -21321.4 -0.383485 1070 3230 3270 1540
912655 4738.58 -21324 -0.395673 1060 3120 3170 1560
912743 4842.79 -21329.5 -0.385958 1060 3120 3170 1560
912831 4941.46 -21342.6 -0.364921 1070 2430 2470 1550
912919 5106.16 -21404.3 -0.374319 1170 2730 2790 1540
913007 5240.81 -21494.2 -0.413696 1170 2730 2790 1540
913095 5390.58 -21607.5 -0.505265 2840 2610 2640 1530
913183 5472.07 -21661.3 -0.514265 2910 2670 2540 1530
913348 5554.84 -21704.6 -0.515037 2500 2580 2450 1530
913436 5639.8 -21736.8 -0.533364 5920 2490 2470 5810
913524 5802.94 -21769.5 -0.485427 5920 3000 2380 5810
913612 5895.26 -21779.1 -0.461929 5920 2870 2310 5810
913700 5990.81 -21783.9 -0.446083 5920 2880 2220 5750
913788 6087.21 -21786.4 -0.392194 5920 2780 2150 5750
913953 6183.01 -21784.3 -0.330522 2600 2780 2070 5750
914041 6278.48 -21776.7 -0.288202 2580 2780 2600 4830
914129 6370.5 -21762.4 -0.24768 2010 2780 5050 1330
914217 6546.71 -21726.4 -0.108888 1960 2780 5050 1280
914305 6640.26 -21701.5 -0.0510621 1930 2780 5050 1240
914393 6738.05 -21671.6 0.0131891 1900 4880 4950 1200
914481 6837.49 -21637.7 0.0961309 1830 4880 4950 1150
914646 6932.33 -21596.6 0.191411 1820 1400 1450 1110
914822 7020.2 -21549.9 0.276619 1620 4780 4830 1090
914998 7164.34 -21444.8 0.434495 1600 7320 7360 360
915174 7234.58 -21377.8 0.533796 1600 5150 5190 1040
