726645 -84.0496 -20354.6 0.0465624 1890 3310 4760 1460
726821 -80.7337 -20354.8 0.104449 2190 2880 4330 1790
726986 -57.0833 -20270.5 0.0881058 2120 3400 3700 1860
727151 -39.4787 -20264.9 0.088711 2020 3670 3790 1940
727327 -5.08914 -20257.8 0.102915 1930 1870 1900 2060
727503 17.3218 -20254 0.110686 1870 5670 5710 2180
727668 57.7164 -20236.1 0.0966818 1580 4370 4410 2190
727833 142.859 -20163.1 0.101994 1410 3060 7010 1230
728009 216.495 -20094.6 0.100775 1410 3060 7010 1230
728174 325.163 -20055.3 0.103219 1410 3060 7010 1230
728350 420.343 -20102 0.065939 1410 3060 7010 1230
728526 530.684 -20190.3 0.0107566 1400 2760 5730 1220
728691 653.062 -20294.7 -0.0402757 1380 2920 4480 1230
728867 770.877 -20386.1 -0.0805037 1310 3110 7080 1280
729043 881.64 -20424.7 -0.101946 1220 3190 3220 1370
729208 980.47 -20411.6 -0.0871082 1170 7010 7050 1410
729384 1092.98 -20364.1 -0.0480317 1150 4440 4470 1120
729560 1236.85 -20289.2 -0.00267433 1200 5620 5650 1370
729736 1363.77 -20229.4 0.0269014 1250 6870 6910 1320
729901 1474.13 -20202.5 0.0624935 1320 3020 3050 1260
730077 1581.49 -20215.6 0.0536653 1410 6980 4760 1200
730242 1693.57 -20265.5 0.0275355 1440 1960 1980 1220
730418 1817.06 -20336.7 -0.0163987 1360 4440 4500 1600
730594 1925.21 -20386.7 -0.0529956 1220 3120 3170 2070
730770 2023.36 -20402.8 -0.0543063 1130 4400 3700 1640
730935 2133.43 -20381.7 -0.0317354 1070 6970 3620 1910
731111 2267.09 -20331 0.0138716 1030 3990 3080 1920
731276 2396.84 -20257.1 0.0699741 880 5280 3370 1570
731452 2515.92 -20188.9 0.126554 1090 3240 2980 1500
731628 2621.85 -20140.9 0.156527 890 5630 5680 1390
731716 2739.97 -20165.3 0.146496 1260 7580 7600 1300
731804 2871.88 -20266.9 0.0497223 1330 2290 2310 1230
731892 2977.34 -20393.3 -0.0228725 1450 4750 3410 1170
732057 3057.38 -20473.5 -0.0726488 1530 3270 3340 1110
732233 3127.95 -20503.8 -0.10702 1590 3270 3320 1060
732409 3219.14 -20502 -0.107079 1640 2060 2590 1000
732574 3320.08 -20468.4 -0.0699877 1640 2110 3120 960
732750 3460.6 -20403.6 -0.0219146 1600 1810 1850 1000
732926 3618.01 -20320.7 0.0387226 1560 4490 4550 1590
733091 3683.46 -20263.7 0.0732498 1560 4490 4550 1590
733267 3751.98 -20202.1 0.115626 1560 4490 4550 1590
733443 3839.35 -20137.9 0.147468 1560 4490 4550 1590
733619 3966.46 -20029.9 0.175898 1560 4490 4550 1590
733784 4090.29 -19945.7 0.17162 1550 5010 4420 1590
733960 4207.66 -19906.8 0.170488 1560 4580 3020 1560
734048 4336.03 -19917.9 0.133829 1780 4630 3560 1510
734213 4436.23 -19987.1 0.0687377 1840 7180 4630 1440
734389 4533.58 -20104.5 -0.028042 1360 5030 3770 1340
734565 4631.13 -20241.1 -0.107888 1160 2970 5420 1110
734741 4753.15 -20393.3 -0.1364 1480 1380 7420 1160
734906 4872.95 -20503.5 -0.150257 1490 2610 4450 1140
735082 4997.24 -20564.1 -0.133027 1440 1830 3570 1170
735258 5151.08 -20589 -0.137117 1360 3460 3500 1240
735423 5329.58 -20563 -0.0942721 1260 5980 6000 1330
735599 5424.51 -20537.7 -0.0690627 1140 2110 1720 1440
735775 5557.47 -20450.1 -0.00936516 1080 5960 2490 1540
735951 5695 -20351.8 0.106059 1010 3380 1670 1560
736116 5862.39 -20274.8 0.197568 990 4440 3940 1600
736292 5999.42 -20234.1 0.237169 1050 5550 5600 1380
736468 6107.95 -20253.8 0.189567 1170 1900 1930 1450
736633 6214.15 -20322.5 0.0894177 1940 5660 5340 1370
736809 6325.11 -20426.5 -0.0299833 1630 5890 3940 1260
737073 6401.27 -20532 -0.146124 1790 4690 4320 1220
737238 6485.47 -20630.7 -0.243442 1920 4830 4730 1360
737414 6587.75 -20714.6 -0.298207 1810 4110 3780 1460
737590 6710.46 -20758.6 -0.260033 1450 2470 2510 1430
737854 6843.12 -20737.1 -0.160393 1310 3500 3550 1630
738019 6987.78 -20667 -0.0569492 1020 3910 3950 1570
738107 7129.7 -20580.7 0.0634386 1020 3910 3950 1570
738195 7247.07 -20503.8 0.146951 1020 3910 3950 1570
738283 7345.46 -20473.8 0.154087 1090 3850 3850 1510
738536 7473.72 -20555.6 0.0377985 1170 3250 2960 1440
738800 7593.12 -20671.4 -0.0718778 1130 3950 3500 1120
738976 7682.39 -20806.2 -0.169638 1020 2740 2770 1570
739141 7771.03 -20921.4 -0.250493 950 3160 3200 1650
739317 7935.07 -20954.7 -0.259192 900 2650 2680 1690
739493 8070.94 -20896.1 -0.194364 900 2820 2860 1720
739658 8159.27 -20845.8 -0.13778 2630 3790 2870 1750
739834 8200.91 -20786.2 -0.0994279 2650 2340 2350 1750
740010 8254.84 -20746.3 -0.0832906 4820 3230 2330 1760
740186 8376.19 -20724.4 -0.0712399 5490 3150 2190 1750
740274 8500.26 -20823.8 -0.142392 2030 3040 2080 1750
740362 8585.44 -20907.5 -0.15544 2030 3010 2180 1750
740527 8687.38 -20967.4 -0.166113 2230 3010 2810 4190
740615 8819.53 -20998.6 -0.126467 2030 4740 4810 5480
740703 8963.98 -20999.5 -0.0430725 1850 7250 7300 5480
740791 9141.65 -20982.4 0.0242794 2000 7250 7300 2720
740879 9299.77 -20942.3 0.135981 1940 1990 2050 5220
740967 9462.49 -20863.9 0.27831 2060 4470 4520 5220
741055 9604.92 -20752 0.453107 1160 6960 7000 5220
741220 9683.08 -20672.6 0.556405 1870 6960 7000 3350
741308 9751.78 -20583.3 0.682225 1880 2610 2630 5860
741396 9833.2 -20393.9 0.870727 1880 2580 3230 5860
741484 9876.24 -20256.8 0.981147 670 2570 2980 660
741660 9929.36 -20074.2 1.08438 1960 2570 2810 2770
741825 10007.2 -19960.9 1.18076 1980 2270 2490 3310
742001 10047.1 -19846.4 1.28562 1960 2420 5180 1790
742177 10057.6 -19756.1 1.37205 1860 2630 4940 800
742353 10057.6 -19674.1 1.43288 1750 2750 4860 860
742518 10026 -19535.4 1.5564 1000 2750 7430 980
742694 9985.09 -19456 1.60875 1460 3970 4000 1150
742870 9924.61 -19379.1 1.65353 1190 6600 6670 1470
743035 9867.23 -19331 1.68378 1190 6600 6670 1470
743211 9801.38 -19189.9 1.71507 1190 6600 6670 1470
743387 9727.2 -18992.8 1.67416 1180 4940 5000 1450
743563 9789.94 -18847.9 1.61999 1230 4910 5520 1380
743728 9841.92 -18685.3 1.53697 1290 5640 6810 1310
743904 9920.67 -18462 1.46037 1360 3890 3950 1240
744080 10033.3 -18312.2 1.37593 1430 3050 3090 1160
744256 10190.2 -18179.2 1.32974 1490 3320 3350 1120
744421 10334.3 -18064.8 1.30968 1530 4890 4920 1100
744597 10417.4 -17943.9 1.3087 1550 2110 2150 1070
744773 10464 -17805.2 1.34922 1560 1950 4500 870
744938 10482.2 -17618.2 1.41051 1550 3070 3100 1070
745114 10438.8 -17410.1 1.50039 1510 1300 4200 1100
745290 10384.4 -17222.7 1.55604 1460 1310 4120 1150
745455 10356.9 -17017.1 1.57534 1390 2810 3010 1200
745631 10364.6 -16807.5 1.63035 1310 3850 3930 1290
745807 10335.1 -16606.6 1.67492 1240 2360 2390 1350
745972 10316.3 -16409.6 1.72388 1190 5500 6100 860
746148 10304.6 -16254.3 1.71893 1150 4660 4700 1440
746324 10320.1 -16094.3 1.72132 1150 4490 4040 1450
746500 10383.6 -15918.2 1.68823 1180 6980 3990 1410
746665 10413.8 -15763.6 1.64646 1260 2510 3090 1320
746841 10479.7 -15601.7 1.55459 1350 3100 6870 1250
747017 10561.2 -15445.3 1.48461 1440 2380 4280 1150
747193 10636.7 -15259.9 1.44793 1540 2730 5500 1050
747358 10696.9 -15103.4 1.44648 1620 2690 6770 980
747534 10740.6 -14969 1.44195 1650 2910 2930 950
747710 10795.4 -14811 1.44049 1130 3230 7290 980
747875 10761.5 -14602.1 1.46769 1260 3370 3410 1320
747963 10710.6 -14429 1.48615 1260 3370 3410 1320
748051 10639.6 -14249.7 1.56673 1260 3370 3410 1320
748139 10525.2 -14052.7 1.62195 1260 3370 3410 1320
748227 10427.4 -13876.4 1.69834 1260 3370 3410 1320
748315 10349.4 -13716.2 1.70536 1220 6000 6040 1400
748480 10295.2 -13583.9 1.6942 1180 6000 6040 1440
748656 10230.3 -13411.2 1.65692 1490 2290 2340 1480
748832 10218 -13140.3 1.58868 1770 6120 5780 1520
749008 10286.2 -12955 1.50789 1680 3980 3840 1510
749173 10349.3 -12867.8 1.47402 1820 5680 5720 1450
749261 10410.6 -12776 1.45585 1880 6950 6990 1400
749349 10480.1 -12693.5 1.44008 1920 1780 1810 1360
749437 10549.8 -12617.5 1.43628 1460 2820 4330 1310
749525 10624 -12557.2 1.43986 2040 2680 6860 1270
749613 10714.6 -12448.3 1.42468 1480 2570 2650 1210
749789 10752.3 -12282.1 1.41266 1510 2470 2540 1170
749954 10762.2 -12107.5 1.4329 1510 2380 2460 1140
750130 10721.2 -11933.7 1.45857 1200 1880 2750 930
750295 10649.9 -11761.1 1.53208 1570 2130 2630 1060
750471 10640 -11672.5 1.56547 1530 2050 5170 1110
750647 10681.5 -11613 1.61399 1380 1840 2160 1210
750823 10644.2 -11526.4 1.67026 1280 5930 5970 1320
750988 10606.4 -11440.2 1.70815 1160 3790 3830 1420
751164 10564.2 -11349.3 1.75878 890 5920 2710 1090
751340 10503 -11211.8 1.80454 1010 7630 2590 1590
751505 10456.1 -11079 1.80682 1020 3750 2480 1580
751681 10412.2 -10949.1 1.82007 860 5620 4270 1520
751857 10451.6 -10831.7 1.75811 1150 2450 2480 1450
752022 10554.5 -10703.8 1.65963 900 5080 6310 1370
752198 10692.2 -10563.4 1.53775 1510 3750 4980 1260
752374 10824.7 -10438.7 1.48597 1740 2360 4860 1170
752539 10995.4 -10398.6 1.39804 1120 2390 4770 1080
752715 11096.6 -10296.6 1.34596 1780 2200 2220 1010
752891 11132.5 -10149.4 1.3409 1760 4300 4310 920
753067 11117.9 -10015.4 1.38026 1740 4140 4130 890
753232 11070.5 -9862.4 1.4287 1740 4140 4130 890
753408 10998.4 -9700.4 1.50621 1740 4140 4130 890
753584 10912.7 -9533.1 1.56545 1690 3510 3520 920
753760 10818.3 -9362.6 1.66531 1550 3860 3960 1030
753925 10700.2 -9172.4 1.73256 1450 2790 2850 1130
754101 10610.6 -9017.8 1.79036 1310 3660 4690 1280
754277 10560.5 -8871.7 1.7611 1220 3630 5090 1380
754442 10515.3 -8731.2 1.75294 1150 3790 3030 1440
754618 10499.7 -8596.3 1.70669 900 5080 3370 1080
754794 10529 -8458.4 1.66081 1090 2480 2530 1500
754970 10603.8 -8299.8 1.62168 890 6330 3820 1060
755135 10712.6 -8169 1.55225 1210 5020 3380 1370
755223 10839.5 -8037.6 1.49679 1300 2640 4990 1290
755311 10965 -7902.2 1.47928 570 2500 6560 520
755399 11094.6 -7717.6 1.46037 1420 2500 6560 1170
755564 11214.4 -7547.1 1.41227 1470 2270 2350 1130
755740 11293 -7385.7 1.40464 1500 2190 4910 1090
755916 11324.7 -7208.2 1.42257 1020 2090 7480 1070
756092 11301.8 -6999.9 1.44162 1510 2020 3640 1080
756180 11250.3 -6800.5 1.50511 480 7460 7450 1140
756345 11185.3 -6609.4 1.55063 1440 7460 7450 1180
756433 11166.4 -6505.9 1.58999 2030 2290 2320 1230
756521 11121.9 -6412.6 1.62154 1980 4840 4880 1300
756697 11084.5 -6312.8 1.62902 1170 5250 4020 1370
756862 11035.3 -6159.3 1.60756 1830 3110 3160 1440
757038 11023.2 -5994.6 1.60273 1550 5680 3170 1360
757126 11059.2 -5802.2 1.61672 1770 5680 3930 1520
757214 11136.1 -5616.9 1.57276 1770 3050 2940 1520
757302 11185.6 -5536.3 1.55941 1820 5580 3730 1500
757467 11284.4 -5366.5 1.48382 1170 4640 3630 1450
757555 11350.8 -5282.2 1.43947 1180 1340 1380 1410
757643 11411.1 -5206.5 1.41008 1250 4010 3470 1370
757731 11502.5 -5062.9 1.33066 400 3880 7380 370
757819 11558.1 -4955.9 1.28644 1450 2200 2210 1140
757907 11750.9 -4872.6 1.24565 1450 2200 2210 1140
758072 11778.5 -4790.2 1.25593 1450 2200 2210 1140
758248 11783.9 -4702.8 1.29463 1450 2200 2210 1140
758424 11782.4 -4605.2 1.32777 1450 2200 2210 1140
758512 11711.9 -4452 1.39176 1440 2310 2770 1160
758600 11667.9 -4347.7 1.43982 1400 3030 3370 1190
758765 11623.4 -4262.6 1.48155 1360 3460 3370 1220
758941 11595.3 -4174.1 1.53256 1320 3120 3270 1260
759117 11671.6 -4133.6 1.56102 1250 2940 3390 1330
759282 11624.1 -4032.3 1.58713 1230 3080 3120 1370
759458 11635.3 -3929.3 1.59744 1200 2670 5710 1310
759634 11655.8 -3792.8 1.62061 1160 2810 4370 1440
759722 11723.7 -3628.3 1.63531 1130 5490 5520 2210
759898 11746.7 -3578 1.60398 1030 5490 5520 1000
760063 11783.7 -3515.4 1.5966 1080 4150 4180 1580
760151 11849.7 -3390.3 1.54504 1090 6220 4990 2440
760239 11896.4 -3264.1 1.52312 1090 6220 4990 1800
760327 11975 -3086.4 1.47789 1100 1070 1110 2260
760492 12057.3 -2979.1 1.42161 1110 3550 3590 2270
760668 12114.1 -2852.9 1.41525 1140 6020 5650 1950
760844 12163.6 -2681.4 1.38699 1160 780 810 2300
760932 12172 -2583.3 1.39652 1190 3230 3270 2080
761097 12182.7 -2403.3 1.41433 1250 4970 5240 1690
761185 12213.4 -2246.2 1.42901 1290 580 610 1900
761361 12204.6 -2157 1.44602 1340 3970 4000 1860
761449 12205.9 -2049.2 1.45367 1430 4590 3880 1850
761537 12212.5 -1962.6 1.45174 1460 4590 3880 1760
761625 12202.9 -1807 1.45787 1510 1360 1390 1750
761790 12185.7 -1650.4 1.44462 1520 3450 3520 1750
761878 12154.6 -1479.9 1.47305 1520 3340 3400 1130
761966 12131.6 -1377.5 1.50107 1500 4080 3340 1110
762054 12077.7 -1191 1.55632 1470 1390 2950 1150
762142 12024.3 -1102.7 1.5739 1420 3230 3150 1190
762219 11939 -923.5 1.63925 1350 3000 3100 1260
762307 11904.1 -829.2 1.67349 1250 3000 3100 1320
762395 11883.4 -720.6 1.71634 1170 2130 2150 1390
762483 11882.8 -610.9 1.73077 1030 7210 3060 1390
762571 11920.3 -410.3 1.67399 1030 7210 3060 1390
762747 11959.7 -311.3 1.65411 980 7210 3060 1590
762923 12017.4 -210.2 1.60456 940 2130 2180 1670
763088 12115.2 -123.4 1.56021 900 6060 2750 2370
763176 12196.2 -32 1.51759 880 7390 2660 2400
763264 12273.4 46.1 1.49862 900 2290 2350 2370
763352 12349.9 127.8 1.47608 930 5740 5800 2350
763440 12427.1 215.2 1.42334 980 5740 5800 2290
763517 12497.4 294 1.38928 1070 5740 5800 2240
763605 12554.4 377 1.36322 1130 3100 3150 2170
763704 12643.5 544.2 1.31934 1190 2830 5690 2120
763869 12707 708.1 1.28869 1250 2690 5690 1220
763957 12716.3 864.6 1.26999 1310 2570 5690 1990
764045 12708.5 951.2 1.3097 2060 2470 3040 1940
764210 12707.5 1045.4 1.34561 2100 2620 5550 1910
764386 12689.7 1160.5 1.38495 1130 2620 5550 1130
764562 12649 1270.4 1.4323 2070 2490 1680 1660
764650 12617.7 1373.9 1.48682 2030 5440 5480 1990
764815 12567.6 1466.1 1.54669 1020 3290 5480 1010
764991 12519.8 1570.4 1.57629 1290 5110 1580 2080
765167 12440.1 1735 1.63594 1130 6240 5410 1550
765343 12395.5 1819.9 1.66535 1160 7130 320 1540
765508 12382.1 1901.8 1.64819 1200 4020 3720 1790
765684 12347.3 2059.8 1.62885 1090 3250 3010 1100
765860 12377.6 2213.6 1.58977 1320 2620 2650 1290
766025 12448.3 2362.5 1.51369 1000 6350 4090 970
766201 12518.9 2437.6 1.47506 1380 4950 3190 1230
766377 12649.4 2635.1 1.43886 1400 4840 3800 1210
766553 12725.6 2788.9 1.37236 920 6410 6070 1200
766729 12738.8 2969.5 1.36602 1410 3450 2810 1190
766894 12708.7 3135.1 1.39332 390 5600 6070 350
767070 12664.6 3293.7 1.42759 1380 3890 4140 1210
767246 12621 3447.9 1.47549 880 4950 5000 810
767411 12634.2 3633.6 1.51733 1330 5160 5230 1270
767587 12636.3 3780.5 1.56736 1680 3280 3580 1270
767763 12624.9 3922.4 1.57924 2010 4780 4840 1280
767939 12618.4 4078.1 1.58009 2010 2380 2420 1280
768104 12633.6 4254.2 1.55249 1280 3930 4550 900
768280 12618.5 4436.6 1.55452 2030 3910 4510 1270
768456 12676.1 4547.2 1.50874 1770 2990 3300 1260
768621 12756.7 4716.9 1.50203 890 3520 4230 790
768797 12806.4 4895 1.50327 1400 2100 2140 1250
768973 12845.4 5048.3 1.52569 1220 3610 3910 1140
769149 12863.2 5238.3 1.51478 1400 3040 1590 1210
769314 12859.2 5402.7 1.52471 1430 3520 4380 1220
769490 12869.6 5588.2 1.51647 1200 3200 4240 1130
769666 12884.9 5743.1 1.50658 1330 3030 3100 1290
769831 12883.4 5908.2 1.50047 1090 3120 3290 1080
770007 12873.8 6081.7 1.46435 1210 3070 3450 1390
770183 12858.3 6253.4 1.48768 1190 5680 3040 1380
770348 12852.9 6420.1 1.4825 1190 7080 660 1410
770524 12857 6576.2 1.50821 1230 4440 2670 1740
770700 12874.6 6734.2 1.54857 1280 5710 1530 1440
770876 12873.1 6884.1 1.50388 1360 2960 3010 1370
770964 12909 7040.7 1.45489 1440 5460 5500 1890
771129 12944.2 7198.2 1.39572 1270 3200 5880 1390
771305 12971.5 7349.3 1.37467 1570 2520 2780 1750
771481 13013.9 7486 1.36445 1220 2550 5610 1290
771657 12980.9 7652.6 1.36299 1580 2550 3120 1410
771822 12892.3 7832.6 1.39391 1560 2950 5200 1110
771998 12808.7 8035 1.45398 1090 4110 5410 960
772163 12726.4 8233.9 1.51128 1320 3790 3820 1270
772339 12658.1 8420.8 1.60178 660 7600 2050 1380
772515 12624.1 8508.7 1.61929 1160 5000 1890 1470
772691 12580.2 8678.9 1.68697 1450 2490 2520 1200
772856 12536 8864.4 1.71266 1450 2490 2520 1200
772944 12518.6 9028.9 1.69174 1450 2490 2520 1200
773032 12529.4 9204.2 1.61923 1450 2490 2520 1200
773120 12556.4 9358.7 1.52245 1450 2490 2520 1200
773296 12650.7 9481.1 1.37741 1450 2490 2520 1200
773461 12726.7 9595.3 1.25662 1450 2750 3380 1180
773637 12799.3 9723.8 1.17423 1080 5150 4820 860
773813 12802 9915.8 1.1846 1500 2480 2510 1030
773978 12761.1 10109.7 1.21015 1150 2610 2880 820
774154 12672.1 10355.7 1.28037 1680 2410 2600 970
774330 12562.4 10462.2 1.33399 1680 2070 2580 970
774506 12524.9 10608.4 1.389 1150 1930 4690 990
774671 12480.9 10719.8 1.42926 1570 2080 3670 1060
774847 12404.6 10910.8 1.50337 1480 2670 4430 1130
775023 12353.8 11069.7 1.56951 1390 2120 3890 1210
775199 12271.7 11287.8 1.63225 1260 4930 4300 1410
775364 12240.3 11465 1.72182 1160 720 730 1580
775540 12250 11641.7 1.75531 1080 3940 3520 1960
775716 12308.6 11856.3 1.75255 1000 2130 2140 1470
775892 12398.2 12046.5 1.71148 950 3000 3030 2360
776057 12476.3 12253.1 1.62814 910 5490 3430 1710
776233 12558.3 12397.7 1.55482 880 4100 1540 1750
776409 12678.1 12529.3 1.48013 890 5240 3130 1750
776574 12812 12665.5 1.41597 890 4640 3130 1220
776750 12910.2 12811.9 1.32278 1020 3190 3860 1600
776926 12998.4 12927.4 1.26614 650 3710 7620 620
777102 13081.4 13061.4 1.23742 1200 3060 5030 1420
777267 13050.1 13213.1 1.24865 910 2670 4060 940
777443 12971.1 13371.3 1.28003 2040 2640 3150 1940
777619 12992.4 13525.4 1.33564 2060 2740 2850 1920
777795 12871.2 13700.7 1.41552 2030 2680 5910 1460
777960 12743.2 13877.6 1.51749 1970 2270 2300 1890
778136 12654.9 14042.1 1.58405 1200 6120 6140 2040
778312 12549.3 14234.1 1.65738 1810 1880 1910 1940
778477 12484.6 14416.6 1.68105 1740 5690 5720 1730
778653 12438.2 14577.3 1.70738 1630 3630 3670 2020
778741 12374.5 14736.8 1.70674 1570 4120 4160 2440
778917 12348.4 14936.7 1.67492 1550 6770 4040 1830
779082 12339.4 15106.6 1.57635 1220 4210 2870 1800
779258 12376.8 15254.3 1.44536 890 5480 5520 1740
779434 12464 15390.1 1.31389 920 6750 6790 1700
779599 12553.7 15527.4 1.19227 970 5410 2870 1660
779775 12669.2 15645.8 1.09294 1060 6590 6620 1590
779863 12756.6 15771.3 1.10136 1110 1430 1470 1540
779951 12853.6 15933.9 1.14546 1140 3990 4010 1510
780127 12908.6 15981.6 1.19184 1210 6550 6590 1500
780292 12963.6 16208.1 1.32295 1220 6550 6590 1420
780468 13019.2 16371.2 1.40109 1280 2600 3110 1340
780644 13018.6 16567.6 1.48753 870 3730 7320 800
780809 12970.3 16764 1.59875 1440 2110 2130 1200
780985 12881.4 16919.9 1.68025 1430 5940 5950 1190
781073 12825.5 17083.6 1.71504 1390 7240 7480 1220
781161 12854.5 17168.2 1.72856 1350 2910 2940 1270
781249 12837.4 17261.1 1.73254 1300 5450 5470 1310
781337 12798.5 17434.5 1.75366 1020 5450 7150 1030
781502 12741 17582.2 1.70654 1190 7000 7150 1420
781590 12679.5 17764.7 1.70896 1140 2860 2890 1460
781766 12599.1 17949.7 1.67375 1070 5440 5470 1280
781942 12606.8 18127.7 1.60495 1030 6480 3700 1550
782107 12655.5 18289 1.50738 1030 4200 4230 1570
782283 12708.7 18403.4 1.46082 1020 6200 2940 1300
782459 12864.5 18491.5 1.43503 1030 3730 3770 1550
782635 12925.8 18581.5 1.40689 1050 7130 5820 1530
782800 12995 18679.3 1.392 1110 3170 3200 1480
782976 13101.9 18847.8 1.36895 920 4450 5430 910
783152 13146.6 18941.8 1.36394 1230 3610 4060 1390
783317 13193.8 19097.6 1.33962 1240 5330 5140 1380
783493 13229.7 19261.8 1.38183 1070 5140 5010 1380
783669 13232 19403.2 1.37895 1140 3720 3750 1460
783845 13243 19554.1 1.41955 1020 2890 2880 1570
784010 13229.5 19719.8 1.49487 940 3670 3690 1650
784186 13199 19887 1.61374 870 4350 4510 1730
784362 13164.6 20042.3 1.69718 800 1100 1140 1790
784527 13132 20210.1 1.73135 750 4020 3800 1830
784703 13110.7 20381.6 1.69279 730 2910 2960 1850
784879 13132.8 20535.7 1.62568 740 3630 3010 1850
785055 13194.7 20692.9 1.55018 730 3480 3190 1850
785220 13276.8 20841.3 1.45625 740 2530 2350 1840
785396 13359.1 20981.9 1.41472 800 3180 3060 1830
785572 13441.2 21099.4 1.37041 850 2490 2410 1780
785748 13502.1 21230 1.33885 1690 4920 2710 1740
785913 13583.5 21379.2 1.35869 2400 6830 2660 1680
786089 13625.5 21517 1.39271 2060 2910 2040 1610
786265 13673.9 21677.1 1.41995 2020 5970 2990 1550
786430 13709.5 21846.4 1.4649 2350 1550 1600 1500
786606 13729 22029.2 1.54494 2270 4760 4800 7340
786782 13725.4 22191.8 1.65856 1980 3450 3490 3440
786958 13690.4 22365.2 1.75672 1810 3970 4020 7260
787123 13646.3 22543.1 1.87632 1730 6510 5000 4650
787299 13556.7 22686.1 1.99033 1660 2210 2610 3880
787475 13476.2 22828 2.08888 1680 6360 6400 3200
787651 13326 22977.4 2.18743 1670 3780 3830 1020
787816 13143.7 23107.4 2.32488 1720 1980 2510 930
787992 12919.8 23224 2.47429 1740 1210 1240 890
788168 12700.2 23337.5 2.61901 1740 1810 2930 880
788333 12417.2 23424.4 2.74698 1740 7220 7210 880
788509 12059 23481.3 2.85278 1700 4610 4630 910
788685 11709.3 23542 2.96857 1630 4640 5850 980
788850 11424.5 23600.7 3.05382 1550 7130 7130 1060
789026 11235.2 23591.6 3.10956 1450 3280 2720 1130
789202 11060.9 23610 -3.08927 1310 7080 3330 1300
789378 10894.4 23603.2 -3.03785 1240 1910 1950 1380
789543 10679.6 23652.7 -3.02466 1080 4480 3000 1170
789719 10351.4 23789 -3.03662 1140 3610 2810 1460
789895 10183.9 23930.8 -3.08947 1150 5270 2860 1470
790071 10093.3 23984.9 3.13166 1010 5270 2860 1150
790236 10089 24076.1 3.00294 1500 4460 4490 1450
790412 10196.1 24206.6 2.87885 1230 6200 6220 1440
790588 9997.05 24358.1 2.80491 1870 2390 2410 1410
790764 9991.56 24430.4 2.78387 1910 6190 6210 1360
790929 9873.8 24496.8 2.83232 1930 1920 1940 1330
791105 9669.37 24562.5 2.87239 1950 5690 5700 1290
791281 9556.21 24586.6 2.93986 1490 4770 4790 1360
791446 9524.62 24584.1 2.97834 1910 5120 2870 4210
791633 9367.14 24582.4 2.99472 920 7620 2690 1610
791798 9191.08 24624.3 3.01559 1030 3700 2420 1590
791974 9007.93 24623.8 3.07241 640 7590 2270 620
792139 8846.34 24628.3 3.12574 840 5020 2100 1710
792315 8683.83 24648.1 -3.14081 750 6320 1910 1200
792491 8415.57 24674.8 -3.1185 800 7610 1770 1740
792656 8224.18 24677.2 -3.10776 840 3820 3420 1720
792832 8038 24730.9 3.07389 830 3810 3840 1640
792920 7869.45 24824.8 3.01726 930 2500 2540 1610
793008 7624.36 24968.3 2.95633 970 5040 5070 1570
793096 7463.55 25061.5 2.94073 1020 5040 5070 1440
793272 7301.25 25130.3 2.93672 1080 760 790 1490
793360 7136.4 25174.5 2.92818 1140 3260 3280 1460
793525 6959.77 25197.7 2.94105 1220 5730 3310 1440
793701 6804.18 25186.4 2.96947 1280 4400 6210 1360
793866 6626.04 25161 3.01607 1330 2870 3020 1330
794042 6415.48 25105.3 3.0964 1250 4530 5950 1350
794130 6311.6 25067.3 -3.13661 1220 3170 5770 1400
794218 6221.82 25037.4 -3.09046 1160 2940 2950 1440
794306 6099.72 25005.2 -3.03013 1100 4490 5450 1510
794471 5960.86 24923.2 -2.97532 1020 5540 5530 1070
794647 5927.81 24895.8 -2.94078 950 1630 1660 1630
794823 5782.45 24879.9 -2.91563 890 5200 4940 1410
794988 5565.25 24860.8 -2.90861 860 430 460 1720
795164 5405.85 24890.1 -3.00919 850 4290 3810 1730
795340 5214.38 24956.2 -3.09376 840 4630 2520 1450
795428 5083.44 24995.3 3.14094 870 2990 3030 1710
795516 4955.56 25024.2 3.11847 900 4320 3200 1690
795681 4865.95 25078.4 3.10023 920 4290 4400 1070
795857 4715.74 25163.6 3.02781 970 3510 1590 1600
795945 4558.63 25253.4 3.00648 1040 3310 3970 1570
796033 4364.25 25305.8 3.01303 830 3890 3950 810
796209 4209.85 25327.8 3.01543 1110 3840 3800 1490
796374 4058.6 25320.7 3.01774 1150 2490 2520 1440
796550 3859.95 25317 3.07075 1230 3730 3670 1400
796726 3760.55 25311.6 3.09358 1280 2100 3410 1380
796891 3682.21 25300.1 3.13261 1270 3350 3360 1390
797067 3534.62 25275.6 -3.12282 1200 3130 3230 1440
797243 3386.36 25249.3 -3.09383 1470 3030 3070 1520
797419 3315.04 25235.1 -3.0865 1070 2950 2880 1190
797595 3227.5 25219.2 -3.07485 1620 1510 2700 1660
797760 3079.3 25181.2 -3.04495 1450 2480 2640 1520
797936 2947.94 25154.9 -3.05489 1450 2540 2300 1840
798112 2781.71 25121.6 -3.04686 1450 2360 2280 1860
798277 2619.27 25153.3 -3.05469 1100 1390 1430 1610
798453 2466.21 25220.6 -3.10333 780 1930 1900 1840
798629 2320.7 25329.7 3.11956 820 1780 1770 1530
798805 2188.08 25421.3 3.03195 880 1010 1090 1720
798970 2040 25519.9 3.00472 980 1430 1530 1680
799146 1924.23 25624.8 2.94006 1020 860 1900 1350
799322 1831.59 25703.8 2.90291 1100 1120 4040 1540
799487 1734.9 25771.9 2.8858 880 980 5160 1510
799663 1574.16 25811.7 2.93799 1140 850 1850 1760
799839 1420.62 25773.3 3.01205 1090 760 3980 1550
800004 1229.86 25709.6 3.11107 1000 970 2680 1610
800180 1082.53 25693.1 -3.09751 920 4020 2480 1690
800356 960.288 25647.8 -3.01999 770 2860 1780 710
800532 839.161 25626.9 -3.00966 670 2170 1160 750
800697 717.857 25627.2 -2.99077 570 2070 1490 790
800785 544.697 25597.6 -2.99128 510 1250 1290 850
800873 400.176 25629.5 -3.05402 520 2830 1710 1570
801049 236 25694.6 -3.10887 540 3620 1630 1570
801137 64.2258 25800.2 3.06278 560 3620 7610 1630
801225 -102.206 25902.1 2.96604 590 1230 1250 1980
801390 -259.254 26009.7 2.89422 650 2710 2370 1970
801566 -386.938 26081.7 2.88125 720 2660 3160 1760
801742 -621.134 26163.6 2.89927 910 1600 1740 4690
801907 -789.281 26200 2.92655 1100 2180 2880 5100
802083 -871.928 26228.6 2.96134 1140 1920 2270 3660
802259 -985.816 26232.8 2.98727 1220 1840 2680 5010
802435 -1168.54 26227.4 3.03756 1120 1630 2110 1850
802600 -1276.14 26229.5 3.06541 1080 1570 3720 4170
802688 -1382.94 26233.7 3.08033 1050 1490 3660 4170
802776 -1550.25 26197 3.13279 970 3540 5220 2190
802952 -1727.9 26154.2 -3.11337 540 2700 2750 1180
803117 -1885.71 26081.7 -3.07899 540 2700 2750 1180
803216 -2048.91 26049.7 -3.05807 540 2700 2750 1180
803381 -2217.17 26026.2 -2.99393 540 2700 2750 1180
803557 -2398.46 26020.6 -2.98185 540 2700 2750 1180
803722 -2564.43 26082.4 -2.99832 540 2700 2750 1180
803898 -2726.44 26165.6 -3.04093 540 2750 2650 1130
803986 -2820.86 26225.9 -3.09669 590 1000 1050 980
804162 -2906.25 26270.3 3.13508 600 3600 2730 1170
804327 -3048.95 26387 3.07735 550 3580 2160 1240
804415 -3209.47 26483.2 3.03368 470 1730 1560 950
804503 -3299.44 26534.6 3.03479 400 3250 1440 960
804679 -3455.22 26592 3.0505 350 3160 1320 1000
804844 -3628.06 26621 3.02359 340 2370 1600 1020
805020 -3795.85 26629.4 3.02302 390 2830 1030 1730
805108 -3970.35 26598.6 3.10021 440 2730 1780 670
805196 -4055.1 26591.2 3.12761 450 2630 1680 1130
805372 -4201.1 26632.6 3.08258 500 2460 1630 1150
805548 -4345.74 26725.7 3.00976 590 2630 2340 1720
805713 -4425.77 26778.6 2.98953 1030 2440 2220 1430
805801 -4505.52 26834.1 2.97213 1320 2280 2030 1160
805889 -4662.85 26916.4 2.99138 1300 2170 2170 1170
805977 -4814.23 26964.2 3.01599 1520 2130 2080 1180
806065 -4984.46 26973.1 3.08264 2070 2020 1990 1150
806230 -5069.25 26963.7 3.129 1780 1920 1920 1130
806318 -5162.05 26946.8 -3.10879 1510 1830 1810 1110
806406 -5324.86 26879.1 -2.95987 1720 1830 1740 1070
806494 -5480.45 26793.3 -2.78895 1720 2280 1640 1020
806582 -5625.24 26695 -2.6257 1140 4870 4920 1010
806758 -5691.98 26622.6 -2.52865 600 7510 7370 930
806934 -5748.92 26543.5 -2.38368 1130 4910 4860 890
807099 -5785.48 26460.3 -2.25098 1180 2830 3340 850
807275 -5816.93 26375.8 -2.14298 830 2610 2760 800
807451 -5876.56 26184.9 -1.98481 1240 1930 2380 760
807616 -5873.79 26076.1 -1.88167 320 7290 6190 310
807792 -5863.79 25998.4 -1.78933 1150 4700 4170 740
807968 -5844.64 25910.1 -1.68118 1000 5960 4890 830
808133 -5817.07 25819.2 -1.60009 970 5960 4890 850
808309 -5769.89 25639.2 -1.52286 860 3360 3390 970
808485 -5729.31 25464.3 -1.48654 770 4530 4610 1060
808661 -5684.14 25274.4 -1.4375 750 3370 3430 1110
808826 -5661.92 25118.8 -1.41276 850 4790 2220 1120
809002 -5688.96 25049.9 -1.40636 880 470 510 1090
809178 -5775.7 24962.4 -1.4725 930 3880 3430 1040
809354 -5884.68 24822.4 -1.55598 1020 4220 2170 950
809519 -5982.65 24730.3 -1.64832 1090 2830 2870 890
809695 -6095.1 24634.6 -1.74558 1010 3530 3340 810
809871 -6197.16 24489.1 -1.83327 1250 2210 2040 730
810036 -6273.49 24335.3 -1.82946 1320 3360 3250 720
810212 -6300.53 24138.4 -1.78494 1280 2180 2420 710
810388 -6262.84 23947.1 -1.72958 1240 3200 2640 750
810564 -6264.85 23737 -1.7014 1210 3550 2580 770
810729 -6217.64 23533.3 -1.62937 1200 1760 1650 780
810905 -6154.43 23352.5 -1.58163 1220 2700 2580 760
811081 -6103.83 23185 -1.5604 1230 1780 1800 750
811246 -6061.84 23009.3 -1.51535 1240 2110 1980 750
811422 -6054.94 22830.6 -1.48004 1230 1760 2070 790
811598 -6083.1 22681.3 -1.50722 1220 1440 1480 840
811774 -6136.68 22518.7 -1.53255 1180 1310 2190 900
811851 -6190.69 22345.4 -1.59118 1130 1160 1240 1000
812027 -6237.57 22185.6 -1.67716 1110 1080 1170 1920
812203 -6269.14 22016.8 -1.70821 2130 980 1100 1750
812379 -6292.53 21839 -1.7515 1030 1370 1020 2200
812544 -6321.55 21653.6 -1.79235 960 1750 1740 850
812720 -6348.76 21517.1 -1.8656 880 1600 1600 800
812896 -6395.83 21377.7 -1.97719 800 1180 1440 710
813072 -6464.76 21245 -2.08679 760 900 1380 670
813237 -6547.87 21125.7 -2.22926 570 1160 1890 640
813413 -6585.65 21067.4 -2.30914 260 1150 1850 630
813589 -6696.34 20938.5 -2.44117 200 2200 4690 670
813765 -6832.84 20724.7 -2.5667 220 2150 4730 660
813930 -6997.58 20730.6 -2.65643 280 1870 2290 630
814106 -7162.09 20687.4 -2.74866 320 7630 1810 580
814282 -7298.67 20696.7 -2.83896 370 1270 1470 500
814447 -7440.4 20747.6 -2.94619 450 1580 4610 340
814623 -7585.02 20755 -3.04974 500 7330 3760 290
814799 -7710.18 20769.5 -3.11656 520 2690 2970 270
814975 -7863.18 20790 3.13589 430 7310 5580 270
815140 -8018.9 20839.6 3.12183 530 1990 2030 270
815316 -8163.52 20877.6 -3.12165 530 4990 5440 280
815492 -8202.1 20932.1 -3.10434 520 2550 2590 280
815657 -8349.21 20909.5 -3.10161 520 3030 3040 290
815833 -8487.97 20887.2 -3.08988 510 4330 4830 280
816009 -8641.93 20899.3 -3.0981 500 2440 2480 290
816097 -8824.2 20870.6 -3.13342 500 3110 3190 310
816185 -9009.17 20861.7 3.10909 480 7390 7540 320
816273 -9190.77 20859.9 3.08676 460 800 830 340
816438 -9347.11 20887.6 3.07492 430 1710 2000 360
816614 -9502.27 20916.4 3.07584 420 2630 7490 380
816790 -9664.79 20942.6 3.07889 410 1980 1920 380
816966 -9886.56 20922.2 3.10443 380 1850 1810 420
817131 -10033.4 21014.3 3.10142 370 1810 1700 1230
817307 -10225.3 21073.5 3.12042 330 1920 2210 1030
817483 -10340.9 21125.9 3.13297 290 1540 2650 1310
817648 -10465.4 21139.8 -3.13974 240 1870 2020 1370
817824 -10568.6 21153.6 -3.13444 270 1790 4500 960
818000 -10740.8 21213.1 3.13549 300 1830 2250 500
818176 -10899.6 21254.6 3.10497 340 1120 1990 440
818341 -11076.4 21295.4 3.09833 400 1340 2010 380
818517 -11246.9 21338.7 3.06531 460 1740 1930 330
818693 -11417.2 21398.3 3.01403 500 4050 4160 300
818858 -11584.9 21458.3 2.98522 550 4020 2110 270
819034 -11766.3 21504.4 2.98453 560 7280 7620 260
819210 -11928.8 21514.3 3.00809 550 1770 2380 270
819375 -12098.6 21501 3.03835 500 5680 4010 310
819551 -12296.9 21475.4 3.09754 440 2120 1710 340
819727 -12489.7 21432.6 -3.13205 390 4920 3720 390
819903 -12672.5 21398.8 -3.08551 330 3610 4230 440
820068 -12847.3 21378.5 -3.03697 310 3390 3460 470
820244 -13048.1 21367.6 -2.99626 310 3270 5350 480
820420 -13193 21400.8 -2.99307 330 2100 2160 450
820585 -13323.9 21431.6 -3.03875 370 2870 2940 420
820761 -13446.8 21480.2 -3.11643 410 4360 4370 370
820937 -13624.8 21576.6 3.09967 480 2510 2590 310
821102 -13835.5 21674.3 3.01975 530 7330 7600 270
821278 -14054.4 21711.4 2.99035 560 2120 2170 250
821454 -14253.3 21783.2 2.97714 440 4680 3710 250
821630 -14417 21814.3 2.98543 550 1900 1950 260
821795 -14580.7 21814 3.01183 460 3950 3990 290
821971 -14741.2 21795.4 3.03448 440 5190 4040 340
822147 -14896 21772.1 3.07973 390 4670 4730 410
822323 -15027.6 21734.1 3.12132 330 2500 2540 450
822488 -15236.5 21648.5 -3.09194 290 4000 4060 510
822664 -15387.2 21640.5 -3.0426 260 4200 4260 540
822840 -15556.2 21672.6 -2.99424 280 2640 4250 520
823005 -15694.8 21708.5 -3.03179 310 4200 7370 490
823181 -15849.9 21753.2 -3.0729 320 3150 4760 470
823357 -15984.1 21811 -3.13747 380 2300 2240 410
823533 -16120.3 21886.7 3.05844 440 2670 2680 360
823698 -16256 21967.7 2.99574 470 2030 2070 340
823874 -16428.7 21989 2.96294 430 2480 3000 330
824050 -16583.9 22043 2.9932 450 1960 2220 350
824215 -16730.5 22064.3 3.04284 410 2210 2720 390
824391 -16884.2 22050.4 3.11167 360 2310 2340 440
824567 -17036.4 22003.4 -3.12666 320 2360 2430 490
824743 -17174 21950.4 -3.08826 270 2230 1500 530
824908 -17327.1 21936.6 -3.10386 220 1970 1220 590
825084 -17489.1 21957.2 -3.14003 200 1880 1930 630
825260 -17604.2 21951.9 3.09706 200 1470 510 640
825436 -17732.2 21995.1 3.01502 200 1520 690 640
825601 -17843.1 22060 2.92223 200 1370 940 630
825777 -17958.8 22117.5 2.86029 210 1220 1020 590
825953 -18091.2 22183 2.83456 270 1040 1030 540
826118 -18233.7 22261.3 2.85239 330 920 890 520
826206 -18384 22333.6 2.84555 390 830 800 530
826294 -18536.4 22390.9 2.8697 460 830 700 500
826382 -18705.5 22425 2.90678 690 2080 630 530
826470 -18837.7 22435.4 2.95492 630 3580 880 490
826558 -18976.2 22431.7 3.03164 630 4190 660 500
826734 -19102.5 22405.7 3.13104 480 4190 660 490
826899 -19234.9 22365.5 -3.02439 410 2420 740 440
827075 -19389.8 22330.1 -2.8801 390 3700 900 410
827251 -19532.4 22285.2 -2.73767 380 2660 4590 400
827416 -19611.7 22257.4 -2.64771 400 2510 3140 370
827592 -19674.5 22204.6 -2.55148 410 3250 3270 360
827768 -19729.7 22153 -2.43895 410 1850 2170 360
827944 -19785.5 22130.3 -2.32482 380 2970 2880 400
828109 -19819.7 22070.1 -2.23587 360 2250 2230 410
828285 -19858.8 21922 -2.06795 320 2630 2640 460
828461 -19882.1 21745 -1.92676 290 4580 4500 490
828626 -19901.5 21603.5 -1.82199 310 2300 2330 490
828802 -19899.2 21453.4 -1.72115 320 2170 2190 450
828978 -19918.9 21334.2 -1.68521 380 1650 1990 390
829154 -19937.2 21192.5 -1.62509 430 1940 1860 350
829319 -19975.9 21064.9 -1.61682 460 1200 1200 310
829495 -20031.3 20950.2 -1.60629 490 1500 1520 290
829671 -20123.5 20835.6 -1.62984 510 1350 1380 280
829836 -20199 20690.1 -1.65321 470 1200 1230 290
829935 -20254 20530.9 -1.65331 490 1060 1110 320
830100 -20197.9 20391 -1.60896 490 980 1030 350
830276 -20191.6 20160.3 -1.58327 480 850 930 430
830364 -20176 19946.7 -1.54784 640 750 850 540
830529 -20206.6 19862.2 -1.60731 2250 660 760 890
830617 -20194.8 19746 -1.66191 450 3580 740 1480
830705 -20199 19594.7 -1.75786 480 3580 740 1060
830793 -20231.2 19454.3 -1.8648 400 760 1950 1830
830881 -20276.4 19324.5 -1.9461 340 3120 3120 570
831046 -20316.7 19262.7 -2.03233 320 5680 3730 550
831222 -20418.9 19148.4 -2.17625 290 7590 3700 550
831398 -20527.8 19046.5 -2.3316 270 1840 2790 550
831563 -20618.6 18934.4 -2.42618 260 4490 3110 550
831739 -20743.6 18816.5 -2.57128 260 4450 1580 540
831915 -20824.5 18835.9 -2.66686 290 5630 3820 510
832080 -20896.3 18913.2 -2.75546 320 7520 3710 470
832256 -20973 19004 -2.84278 360 2580 2620 420
832432 -21041.5 19032.1 -2.92662 410 7430 5120 380
832608 -21146.7 19092 -3.05767 420 2390 2420 370
832773 -21267.9 19121.6 -3.12648 410 4180 2750 380
832949 -21422.5 19129.9 3.10798 410 2170 2650 380
833125 -21592 19132.3 3.09825 410 2550 2600 380
833290 -21731.6 19118.3 3.08669 410 2320 4510 380
833466 -21916.6 19106.1 3.09916 420 2910 2370 370
833642 -22073.7 19081.8 3.12474 430 7420 2250 360
833818 -22266.8 19069.6 3.13337 440 1910 1640 340
833983 -22425.9 19090.3 3.131 430 6270 1530 350
834159 -22585.5 19120.8 3.10043 430 1000 1030 350
834247 -22748.1 19140.8 3.10809 430 3520 1700 350
834423 -22920.1 19166.4 3.12717 420 6090 4530 360
834588 -23080.5 19175 3.12563 410 970 1000 360
834676 -23231.9 19176.3 3.10789 400 3560 1300 370
834764 -23395.6 19186.5 3.11557 400 4810 1220 380
834852 -23545.5 19190.2 3.08178 390 7440 7460 380
835028 -23755.8 19240.5 3.09838 390 2340 980 390
835193 -23905.6 19273.9 3.09045 470 4380 860 410
835369 -24112.2 19304.4 3.11681 450 2730 4290 410
835545 -24207.7 19315.7 3.10808 440 3770 3790 420
835721 -24378.4 19323 3.0916 450 7490 3900 420
835886 -24562 19356.2 3.10019 390 2300 3560 420
835974 -24651.4 19381.8 3.09349 360 3240 3220 420
836150 -24743.2 19401 3.09939 360 7470 3510 410
836326 -24826 19416.4 3.0912 350 2260 2290 410
836491 -24944.7 19405.6 3.07673 340 5350 5130 430
836667 -25097.7 19496.5 3.08541 330 1600 1630 430
836843 -25332.3 19557.3 3.11321 320 2860 2870 440
837019 -25498.7 19617.6 -3.14012 320 2110 4390 450
837184 -25682.4 19600.4 -3.11981 320 2540 2560 440
837360 -25863.7 19588.2 -3.10781 330 2230 2420 430
837536 -25948.2 19560.9 -3.11663 320 1720 1760 450
837701 -26105.2 19582.8 -3.13298 290 2050 2100 520
837877 -26282.5 19683.7 -3.13438 310 1870 1940 2210
838053 -26463.2 19723.6 3.12823 520 1730 1820 2280
838229 -26679.7 19773.6 3.13429 690 1610 1710 2350
838394 -26807.4 19784.5 3.11595 1260 1480 1570 2400
838482 -27025.7 19779.1 3.09635 2500 1360 1440 360
838570 -27181.4 19787.8 3.03375 2480 1280 1330 2280
838658 -27345.3 19846.5 2.97233 1900 1160 1200 2230
838746 -27464 19949.8 2.88014 1850 1060 1090 2180
838834 -27641.8 19980.5 2.78349 1770 970 980 2230
838911 -27787.9 20112 2.68625 1730 1160 890 2200
838999 -27912.6 20239.1 2.62797 1750 830 810 2910
839087 -27944.2 20323.2 2.66447 1810 790 770 2850
839175 -28039.2 20367.6 2.74905 1250 850 730 2800
839263 -28111.4 20381.2 2.8219 750 1690 540 2220
839351 -28235.4 20390 2.91162 710 1450 710 1200
839439 -28302 20372.1 3.01089 690 1380 600 1150
839516 -28380.2 20340.1 3.12693 690 1350 520 1100
839604 -28437.9 20247.9 -3.03487 280 1720 1170 1060
839692 -28472.2 20325.4 -2.91545 290 1980 1060 1010
839868 -28548.3 20304.2 -2.76498 320 2970 1000 990
840033 -28598.1 20223.2 -2.60752 350 2880 1030 950
840209 -28633.5 20136.7 -2.46633 380 2880 1310 940
840385 -28667.5 20049.2 -2.34365 490 1990 1250 940
840561 -28682.8 19964.9 -2.22423 600 2550 1150 1590
840737 -28687.2 19861.9 -2.09948 650 2500 4000 1360
840902 -28677.7 19759.7 -2.00918 670 2250 3080 1540
841078 -28679 19687.7 -1.93857 620 2080 3350 1570
841254 -28686.9 19678.8 -1.86183 530 1980 2890 1990
841419 -28677.7 19432.1 -1.72792 460 2640 1210 1360
841595 -28666.8 19209.4 -1.64695 440 1110 1060 870
841771 -28625.1 19078.6 -1.60937 360 2990 2040 880
841947 -28592.6 18980.3 -1.54655 280 2160 2150 900
842112 -28571.2 18784.4 -1.52588 280 2830 2790 910
842288 -28643.4 18611.1 -1.55166 320 2960 2750 880
842464 -28680.4 18465.5 -1.60439 450 1700 1490 840
842629 -28728 18297.8 -1.67944 490 2040 1640 820
842805 -28789.4 18138.8 -1.73626 490 1630 1860 790
842981 -28854.5 18031.1 -1.77894 530 2530 1960 780
843157 -28917.7 17883.9 -1.78787 530 2490 2030 770
843322 -28950.7 17652.4 -1.75894 540 1680 1530 730
843498 -28981.3 17448.1 -1.72631 580 1680 1800 710
843674 -28953.6 17264.4 -1.6712 590 1910 1630 680
843850 -28977.1 17102.8 -1.65532 610 1760 1680 660
844015 -28960.4 16911.1 -1.63931 660 1440 2180 630
844191 -28956.6 16768.4 -1.63084 680 1410 1550 620
844367 -29044 16718.9 -1.64179 700 1290 3100 610
844532 -29067 16543.7 -1.62969 780 1120 3250 610
844708 -29101.3 16312.1 -1.59779 710 1040 3820 650
844884 -29109.5 16141.9 -1.58216 760 3760 3130 710
845060 -29110.9 15999 -1.5789 710 2760 3460 690
845225 -29127.3 15863.2 -1.56826 680 2620 2690 700
845401 -29127 15699.6 -1.56637 700 2440 2820 630
845577 -29134.8 15553.2 -1.62922 630 4990 3630 580
845742 -29158.2 15376.4 -1.64395 730 2130 2210 560
845918 -29184.3 15164.4 -1.64523 550 1940 2390 500
846094 -29210.9 14991.4 -1.63851 900 2710 2760 410
846270 -29235.5 14841.6 -1.63966 990 1530 1600 350
846435 -29241.9 14683.6 -1.6497 1020 1120 1440 310
846611 -29252.2 14550.2 -1.63962 1040 1200 1280 310
846787 -29277.3 14438.9 -1.65025 1020 1040 1810 320
846963 -29292.7 14285.2 -1.6169 930 880 2270 380
847128 -29289.4 13972.4 -1.59584 880 800 2100 430
847304 -29255.9 13777 -1.59276 810 1960 1730 480
847480 -29210.7 13563.9 -1.61478 770 2300 1750 530
847645 -29180 13305.7 -1.58862 730 2250 2190 570
847821 -29168.6 13078.8 -1.58479 700 1610 1360 600
847997 -29186.9 12830.4 -1.66676 640 1790 1280 640
848162 -29261 12638.7 -1.71904 630 1520 1220 650
848338 -29337.5 12517.6 -1.70576 620 1510 1300 680
848514 -29416.4 12317.9 -1.69109 760 1280 1320 640
848690 -29492.3 12229.1 -1.73348 830 1140 1140 590
848855 -29564 12087.5 -1.75139 840 980 990 460
849031 -29632.9 11909.6 -1.7542 790 800 820 540
849207 -29694.3 11789.4 -1.77989 720 700 720 570
849460 -29764.3 11624.9 -1.80853 640 610 640 640
849636 -29819.2 11467.3 -1.81549 610 520 570 680
849900 -29848.6 11291.1 -1.77566 620 450 460 680
850153 -29835.9 11096.7 -1.72306 650 380 420 660
850417 -29808 10920.8 -1.67663 680 330 390 630
850670 -29791.7 10735.3 -1.64892 730 300 290 580
850934 -29806.5 10600.6 -1.68107 770 330 230 490
851198 -29876.5 10569.9 -1.76531 790 310 200 420
851451 -29948.2 10512.1 -1.83291 410 270 350 370
851715 -29993.3 10434.6 -1.87372 210 210 310 320
851979 -29991.5 10378.7 -1.95105 290 250 270 280
852232 -29977.1 10323 -2.00692 680 230 250 300
852408 -29957.3 10268.8 -1.99019 930 210 290 610
852573 -29923.4 10188.6 -1.91119 840 530 600 240
852749 -29862.7 10121.8 -1.82762 760 2480 420 290
852925 -29810 10033.6 -1.75307 660 1760 1790 350
853090 -29775.1 9941.5 -1.65369 620 1660 1700 410
853266 -29772.8 9820.2 -1.60355 3050 2520 2550 480
853442 -29776 9705.2 -1.55973 2250 1630 1630 520
853530 -29819.2 9590.8 -1.53068 2990 2280 2260 3420
853695 -29902.8 9474.4 -1.52396 3120 2190 2160 3530
853871 -29991.1 9397.4 -1.59491 2090 1490 1470 2480
854047 -30090.7 9313.1 -1.67256 3730 2310 1840 3450
854135 -30198 9213.5 -1.76471 2370 2460 1800 2330
854223 -30286.7 9122.3 -1.80038 3840 2340 1650 3360
854300 -30330.8 9029.1 -1.82212 5470 2260 2260 3310
854388 -30414 8838 -1.71994 5470 3400 2160 3310
854476 -30459.4 8640 -1.58056 1570 3400 2160 1170
854564 -30441.7 8567.3 -1.49107 1510 1550 1600 1180
854652 -30396.1 8370.1 -1.32059 1500 3090 3190 1180
854740 -30302 8222.1 -1.15969 1510 3050 3120 1200
854828 -30156.2 8100.2 -1.0083 1530 3050 3120 1200
854916 -29987.3 8216.1 -0.919965 1590 1430 1470 1210
854993 -29859 8180.8 -0.826043 1590 2450 2700 1220
855081 -29777.4 8141.7 -0.737044 1740 2520 2600 1210
855257 -29693 8113.4 -0.637477 1750 2520 2520 1190
855433 -29591.7 8092.4 -0.538205 1760 2150 2160 1230
855598 -29497.9 8081.2 -0.443737 1800 2050 2040 1210
855686 -29373.5 8058.5 -0.350775 1840 1950 1960 1150
855774 -29297.5 8073.4 -0.23994 1830 1950 2100 1150
855950 -29192.3 8065.3 -0.114582 2330 1760 1790 1110
856126 -29108.5 8081.6 -0.00788087 1670 1660 1840 1120
856291 -29077.2 8105.9 0.0843052 1750 1560 1640 1150
856467 -28993 8082.9 0.181405 1610 1480 3890 1200
856643 -28817.4 8136.5 0.319333 970 1780 5070 1290
856808 -28635.9 8208.4 0.374259 1140 2650 2650 1370
856896 -28455.9 8229.8 0.36714 1110 4820 4800 1420
857072 -28305.6 8173.5 0.346948 890 5400 4620 1170
857248 -28189.3 8138.2 0.296849 920 2680 2710 1350
857413 -28021.2 8135.7 0.183098 880 4310 4290 1260
857589 -27838.6 8077.6 0.0656606 1340 4210 3480 1290
857765 -27670.2 8008 -0.0152209 1320 5370 3920 1770
857941 -27496.2 7924.3 -0.103334 1230 2880 2140 1180
858117 -27257.4 7756.5 -0.178671 1310 4050 3320 1260
858293 -27079.9 7655.4 -0.190888 1340 5040 3540 1250
858458 -27033.7 7624.8 -0.18387 1370 3990 1980 1210
858634 -26946.3 7567.8 -0.201594 1430 4660 4500 1200
858722 -26805.8 7522.6 -0.185849 1450 1490 1520 1210
858887 -26675.4 7469.8 -0.173 1470 3320 4000 1220
858975 -26499.4 7410.3 -0.122746 1500 4360 4140 1250
859063 -26346.4 7372.5 -0.0986062 1520 4360 4140 1540
859151 -26215.3 7355.1 -0.0929095 1550 1960 2000 1520
859316 -26036.4 7346.1 -0.103781 1580 2850 3910 1480
859492 -25812.4 7300.5 -0.0638033 1640 2720 3840 1420
859668 -25611.7 7286.8 -0.0383662 1720 2570 2940 1340
859844 -25407 7273.9 -0.00218096 1740 3380 5790 1290
860009 -25301.3 7262.3 0.0312326 1830 3600 3630 1240
860185 -25123.6 7270.5 0.0685616 1870 3090 3150 1240
860361 -25024.7 7264.9 0.0963297 1860 4120 3040 1230
860537 -24923.9 7257 0.115149 1780 2920 2950 1280
860702 -24822 7280.6 0.110489 1750 4950 5020 1340
860790 -24650.9 7312.2 0.069446 1680 4950 5020 1370
860966 -24477.7 7374.8 0.0185264 1620 2860 2890 1420
861142 -24299.5 7443 0.00669011 1580 5250 4930 1480
861307 -24140.5 7408.5 -0.0143038 1250 1610 1650 1490
861483 -23971.6 7399.4 -0.0101044 1410 4160 4220 1490
861659 -23839.1 7352.7 -0.0714954 1230 2900 3000 1440
861824 -23681.9 7260.9 -0.128742 1290 1490 3880 1390
862000 -23546.6 7160.9 -0.143706 1350 1400 3730 1350
862176 -23397.1 7063 -0.161657 2840 1150 2490 1300
862352 -23317 7016.5 -0.165185 3720 2170 3150 1110
862517 -23156.5 6946.3 -0.136264 1400 2030 3030 1540
862693 -23015.1 6895.4 -0.108367 1380 1900 2810 1810
862869 -22861.5 6867.6 -0.0622467 1360 2630 2910 1030
863045 -22670.7 6882.2 0.0269497 1690 2340 3190 1690
863210 -22517.8 6906 0.103343 1660 2710 3160 1300
863386 -22349.5 6918.9 0.118738 1560 1890 3020 3330
863562 -22117.4 6916.1 0.126338 1490 2760 2840 3960
863727 -21941.9 6892.9 0.0646945 1520 2660 2810 2190
863903 -21723.4 6847.2 0.000414686 1460 2570 2810 2190
863991 -21540.1 6797.1 -0.0469752 1380 2550 2810 2360
864167 -21345.5 6736.3 -0.110894 1330 3560 2810 2410
864332 -21141.4 6662.4 -0.196736 1350 4580 4070 2650
864508 -20947.5 6556.5 -0.335784 1240 3600 4870 2580
864596 -20781.8 6438.8 -0.475244 1180 3600 4720 2540
864772 -20667 6312.3 -0.618853 1120 4810 4630 2520
864860 -20571.3 6175.7 -0.734828 1060 4810 4520 2200
864948 -20493.1 6022.3 -0.834147 1010 4810 4430 2190
865113 -20407.3 5863.5 -0.920827 940 4300 4290 2200
865201 -20376.1 5785.2 -0.987582 430 4140 4150 2170
865377 -20317.3 5629.2 -1.09583 380 4140 4080 2140
865542 -20272.7 5467.4 -1.20692 390 2960 2980 2120
865630 -20245 5276.7 -1.33366 440 3800 3790 2070
865718 -20264.2 5155 -1.42921 490 3800 3720 2030
865806 -20276.7 4931.1 -1.54703 550 1910 1970 1970
865894 -20280.8 4800.9 -1.61206 610 3550 3530 1920
865982 -20292.4 4667 -1.64586 3010 6980 3450 1850
866070 -20317.3 4463.8 -1.65741 2590 6980 3400 1790
866147 -20345.4 4391.1 -1.6418 3130 1890 1920 1730
866235 -20352.4 4218.3 -1.64269 3750 3220 3190 1690
866323 -20356 4028.3 -1.6159 3260 3110 3100 1650
866411 -20290.7 3902.5 -1.59742 2640 3110 3040 1650
866499 -20270 3751.7 -1.56922 3230 1940 1970 1620
866576 -20277.7 3688.3 -1.54448 3540 4540 2800 1630
866664 -20230.8 3590.8 -1.52229 3510 7150 2680 1640
866752 -20166 3501.2 -1.502 2760 7150 2590 1650
866840 -20136.4 3397.8 -1.4707 3420 2050 2070 1650
866928 -20099.8 3321.5 -1.4441 3450 2340 2350 1660
867016 -20015.8 3266 -1.4253 3340 2240 2240 1520
867181 -19977.1 3174.5 -1.41004 2840 2140 2140 1530
867357 -19938.8 3085.6 -1.38012 3220 2040 2060 1720
867445 -19940.1 2986.5 -1.41403 3290 1950 1990 1730
867533 -19916.9 2945.1 -1.44023 3240 1910 1920 1760
867621 -19867.7 2878.2 -1.42993 2690 1910 1850 1770
867709 -19830.8 2780 -1.44147 3090 1930 1800 1640
867885 -19818.8 2704.6 -1.48107 3060 4460 4510 1770
868050 -19815.9 2633.6 -1.49994 1290 6970 7010 1770
868138 -19839 2563.6 -1.5027 2520 6970 7010 1760
868226 -19889.4 2407.6 -1.58017 3030 1720 1740 1740
868402 -19962.9 2208.2 -1.65497 850 4240 4230 1710
868567 -20007.2 2113.6 -1.68842 850 4010 6770 1700
868743 -20047.3 2028 -1.70932 850 4010 6770 1660
868919 -20084.6 1931.3 -1.72426 890 3020 3080 1580
869084 -20140.2 1868.7 -1.74381 700 3540 3670 960
869260 -20174.2 1707.5 -1.74089 980 2200 2210 1550
869436 -20185.7 1529.5 -1.72231 980 3250 3330 1450
869524 -20187 1429 -1.70501 950 3220 3290 1590
869689 -20182.3 1331 -1.68799 910 2100 2110 1630
869777 -20177.4 1132.9 -1.66713 850 3030 3130 1680
869865 -20168.4 949.5 -1.66407 330 2990 7280 310
869953 -20153.8 748.1 -1.62121 750 2990 7280 1780
870041 -20157.3 544.4 -1.58297 710 2190 2220 1810
870129 -20179 365.7 -1.59941 680 4850 4890 1840
870217 -20238.1 190.4 -1.64483 630 5410 5830 550
870382 -20330.5 10.6 -1.69445 650 5410 2700 1880
870558 -20389.8 -74.7 -1.72616 650 3800 3850 1890
870734 -20508.7 -244.4 -1.78592 690 5050 5100 1860
870899 -20521.8 -332.5 -1.80358 740 3700 3740 1600
870987 -20524 -428.3 -1.80958 820 4610 4650 1510
871075 -20495.1 -542.3 -1.79675 860 4500 4540 1450
871251 -20473.4 -661.5 -1.78793 910 4420 4450 1400
871427 -20477.6 -772.4 -1.79995 990 3750 3780 1440
871592 -20476.8 -885.3 -1.80733 1060 2880 2900 1260
871768 -20495.7 -1093 -1.81703 1090 3980 3980 1460
871944 -20470.3 -1305.4 -1.81389 850 7580 3870 1360
872109 -20419.5 -1503.5 -1.77165 1030 3010 3040 1250
872285 -20388.9 -1694.5 -1.71518 990 7490 3550 530
872461 -20360.3 -1778.5 -1.67847 950 1940 1980 1040
872637 -20326.4 -1863.4 -1.66528 910 3140 3290 1090
872802 -20278.4 -2054.4 -1.63545 890 2970 700 1110
872978 -20240.7 -2246 -1.56755 900 2810 4370 1100
873066 -20244.6 -2411.1 -1.58989 930 2770 5830 1060
873242 -20292.7 -2571.7 -1.62799 970 730 790 1040
873407 -20342.6 -2749.8 -1.67684 1040 4200 2480 1020
873583 -20392.7 -2909.6 -1.69723 1110 3310 1610 1010
873759 -20454.5 -3062.7 -1.76037 1170 3260 2160 1050
873924 -20509.7 -3221.4 -1.74248 1140 5830 2050 1070
874023 -20536.6 -3447.4 -1.71797 1110 5830 1910 1090
874100 -20540.1 -3608 -1.65955 1110 3170 4650 1070
874188 -20509.5 -3763.1 -1.58405 1220 5030 5780 1040
874276 -20486.1 -3853.5 -1.54218 1140 4900 5780 900
874364 -20447.7 -4031.7 -1.48018 1170 3250 5780 940
874452 -20419.6 -4189 -1.39257 1220 2700 3030 880
874540 -20379.6 -4359.9 -1.3367 1300 2970 3120 840
874705 -20310.5 -4524 -1.22774 1020 2450 2980 770
874793 -20179.5 -4662.6 -1.05292 1410 1620 2790 710
874969 -20124.6 -4790.9 -0.949411 1450 3590 2810 680
875145 -20024.7 -4927.3 -0.889591 1470 3330 3220 680
875310 -20002.6 -4995.3 -0.849182 1470 2380 3220 1830
875486 -19971.8 -5011.5 -0.815527 1450 2550 4690 1360
875662 -19899.6 -5053.2 -0.769449 1360 1520 3410 1910
875750 -19822.1 -5097 -0.722975 1280 3340 3350 1970
875827 -19733.8 -5133.3 -0.701631 1230 2550 5370 2060
876003 -19587.5 -5201.5 -0.695352 1160 2550 5370 1480
876179 -19511 -5254.8 -0.761398 1090 2040 2080 2140
876355 -19411.5 -5366.4 -0.859642 1080 2290 4940 2200
876520 -19314 -5507.2 -0.919826 1000 1620 2970 1950
876696 -19225.6 -5669.7 -0.948714 930 4850 4080 2300
876872 -19189.2 -5848.2 -0.996765 860 6180 4600 1850
877048 -19130.5 -6047.5 -1.05889 810 2450 4070 1340
877213 -19102.2 -6160.9 -1.02595 790 4060 4150 1320
877389 -19053.4 -6265.1 -0.992525 810 3880 1240 1290
877554 -18972.5 -6459.5 -0.940657 840 4950 3780 1270
877642 -18927.3 -6630.3 -0.833091 880 6200 3820 1230
877730 -18813.6 -6809.5 -0.828786 920 1010 1040 1190
877818 -18744.9 -6988.5 -0.825609 970 3460 3490 1160
877906 -18694 -7167.7 -0.851102 970 5980 3040 1130
877994 -18636 -7312.6 -0.874702 1090 5980 3040 1080
878082 -18542.8 -7452.4 -0.874783 4960 1670 1690 1040
878258 -18411.8 -7584.2 -0.823389 3870 3350 4220 980
878423 -18247.2 -7705.3 -0.737315 660 7610 7630 650
878511 -18079.6 -7815.5 -0.684216 3170 7610 6380 910
878687 -18008.3 -7859.1 -0.625407 6520 4090 4110 810
878852 -17967 -7878.2 -0.566409 1320 5780 5800 650
878940 -17887.3 -7904.1 -0.508973 1420 870 5800 770
879028 -17849.9 -7942.3 -0.438698 1390 3100 3100 770
879116 -17793.6 -7979.2 -0.376529 1390 5620 5640 800
879204 -17704.5 -8019.2 -0.353004 1130 5620 5640 800
879292 -17477.7 -8077.9 -0.334414 1310 410 3120 820
879380 -17373.1 -8162 -0.373447 1300 3790 3010 850
879468 -17331 -8214.6 -0.427854 1520 6380 2880 880
879633 -17143 -8356.9 -0.511421 1320 6380 2880 880
879721 -17055.3 -8516.1 -0.579435 1360 1270 1310 900
879809 -16926.9 -8639 -0.615241 1330 3810 2910 930
879897 -16975.4 -8745.1 -0.640872 1290 4770 2810 930
879985 -16931.8 -8839.2 -0.627596 1250 4770 2810 970
880073 -16886.1 -8940 -0.613431 1220 1330 1370 970
880238 -16886.4 -9038.3 -0.596518 1210 3970 2470 980
880326 -16889.2 -9120.9 -0.571152 1210 4320 4350 1010
880414 -16884.4 -9194.6 -0.54704 1190 4220 4250 1010
880502 -16823.7 -9315.6 -0.510146 1190 1570 1610 1010
880590 -16747.8 -9380.4 -0.48012 1200 3480 4010 1000
880755 -16647.8 -9429 -0.440107 1210 3370 3890 1000
880843 -16545.2 -9467.8 -0.395167 1230 3370 3830 980
880931 -16443.6 -9499.3 -0.361225 1240 1460 1510 960
881019 -16315.2 -9538 -0.328378 1270 3640 3120 930
881107 -16134.8 -9594.5 -0.270228 1330 3560 3540 910
881195 -16097.6 -9621 -0.217108 1340 3560 3540 880
881360 -15980.9 -9642.5 -0.156776 1350 1180 1230 850
881448 -15858.7 -9654.7 -0.123221 1380 3770 3330 830
881536 -15758 -9660.6 -0.0767308 1420 6100 3260 810
881624 -15567.4 -9664.7 0.0112735 1430 6100 3260 770
881712 -15220.2 -9657 0.0542561 1480 1210 1240 740
881800 -14907 -9645.7 0.0871466 1500 3720 3000 710
881888 -14739.3 -9635.7 0.103433 1520 5560 2930 700
881965 -14545.9 -9625.9 0.124488 1530 5560 2930 680
882053 -14406 -9613.3 0.125384 1530 2010 2040 680
882141 -14166.3 -9595.4 0.0966649 1510 4550 2680 690
882229 -14051.7 -9585 0.0734893 1480 5190 5120 720
882317 -13979.6 -9571.7 0.0577116 1440 3020 3080 740
882405 -13966 -9548.1 0.0642048 1470 2810 2830 780
882493 -13930.7 -9526.1 0.0762675 1350 4800 4830 830
882581 -13859.5 -9506.9 0.0870958 1040 4700 4730 890
882746 -13430.5 -9479.8 0.108347 1240 370 370 930
882834 -13260.6 -9472.2 0.106569 1200 2900 2940 970
882922 -13183 -9478.4 0.104099 1180 4380 4450 1010
883010 -13067.3 -9490.2 0.0976063 1160 4280 4350 1010
883186 -12964.6 -9500.8 0.0633109 1160 460 500 1010
883351 -12827.2 -9508.1 0.0283069 1170 3070 3110 1000
883527 -13066.2 -9637.5 -0.00858245 1210 3980 4010 980
883703 -13190 -9730.9 -0.0450329 1240 3980 3920 950
883868 -13169.2 -9799.9 -0.0950391 1270 1320 1360 920
884044 -12981.9 -9896.2 -0.116717 1330 3630 3630 860
884220 -12908.2 -9960.4 -0.149268 1410 2810 2780 770
884396 -12822.4 -10018.2 -0.159667 1460 3400 3280 730
884561 -12727.9 -10053.9 -0.153095 1510 3170 3110 690
884737 -12554.9 -10091.2 -0.144189 1560 2790 2800 670
884913 -12390.6 -10098.9 -0.109055 1550 2720 2730 670
885078 -12211.2 -10087.2 -0.0823333 1530 2040 2580 690
885254 -12028.8 -10055.5 -0.0374674 1530 2390 2400 740
885342 -11858 -10019.3 0.0244962 1510 2260 2300 780
885430 -11680.4 -9974.2 0.027459 1950 2200 2230 1470
885518 -11481.5 -9951.5 0.071223 1940 2080 2160 1490
885694 -11273.6 -9942.7 0.084671 1910 2020 2040 1510
885859 -11061.2 -9950.6 0.0321895 1890 1840 2280 1550
886035 -10845.7 -9985.6 -0.0307295 1850 1920 4890 1620
886123 -10628.5 -10033 -0.1048 1780 1740 6150 1750
886211 -10427.6 -10101.3 -0.193984 1730 1740 880 2040
886376 -10230.9 -10198.1 -0.319873 5800 3410 3430 2080
886464 -10141.6 -10260.9 -0.371045 5800 3410 3520 2080
886552 -10041.8 -10339.4 -0.410418 1530 3410 3520 1820
886640 -9934.88 -10408 -0.462391 2320 2780 3370 1590
886805 -9848.37 -10543.1 -0.562424 830 3440 3280 1590
886981 -9768.19 -10689.8 -0.696036 760 6090 3180 1590
887157 -9711.46 -10848.9 -0.909267 610 2270 1950 1590
887333 -9716.37 -10942.8 -1.01534 590 5590 2780 1560
887498 -9706.63 -11026.6 -1.09921 620 2650 2660 1490
887586 -9717.2 -11167.9 -1.25389 680 2540 2540 1410
887762 -9740.86 -11239.5 -1.33195 790 2480 2460 1300
887927 -9770.17 -11323 -1.37822 890 920 950 1210
888015 -9795.27 -11407.3 -1.42049 940 3530 3570 1160
888103 -9832.92 -11566.4 -1.5404 1010 5150 4320 1120
888191 -9841.53 -11702.5 -1.54422 1040 5150 4320 1070
888367 -9818.74 -11836.1 -1.57952 1080 870 910 1040
888543 -9743.29 -11985.1 -1.54729 1130 3600 4010 1210
888708 -9673.56 -12181 -1.51476 1230 2280 2680 1350
888884 -9637.46 -12326.5 -1.49946 1280 3250 3260 1310
889060 -9567.55 -12532.2 -1.45601 1290 3840 3460 1300
889225 -9512.91 -12696.2 -1.44783 1260 1930 1980 1310
889313 -9483.19 -12790.9 -1.45092 1250 3100 3180 1340
889401 -9446.88 -12869.9 -1.44271 1230 3100 3820 1340
889577 -9403.13 -12969.1 -1.44033 1230 810 860 1350
889753 -9337.44 -13138.9 -1.43583 1250 2750 3110 1340
889918 -9290.62 -13327.8 -1.4522 1270 2630 3350 1310
890094 -9278.85 -13533 -1.47669 1300 1630 1680 1280
890270 -9293.4 -13740.3 -1.52908 1340 2300 3030 1250
890435 -9329.25 -13925 -1.57489 1350 800 840 1230
890523 -9361.9 -14132.4 -1.59382 1360 2040 2780 1220
890611 -9380.79 -14246.3 -1.59554 1390 1950 2080 1220
890699 -9382 -14358 -1.59828 1390 1950 2080 1190
890787 -9373.92 -14583 -1.56467 1420 620 650 1170
890963 -9349.73 -14824 -1.54538 1450 1630 1740 1140
891128 -9346.54 -14880.2 -1.53575 1360 1470 1960 1090
891304 -9338.15 -15060.6 -1.53462 1570 460 490 1010
891480 -9338.7 -15225.3 -1.54517 1660 1160 1280 960
891645 -9338.12 -15399.4 -1.55111 1450 920 1080 920
891821 -9325.96 -15537.6 -1.53907 1700 880 990 940
891909 -9314.7 -15602.3 -1.54718 1690 800 2840 960
891997 -9301.57 -15769.5 -1.55889 1220 3650 4360 1000
892085 -9293.32 -15854.9 -1.54297 870 750 4250 1050
892173 -9247.16 -15998.5 -1.52279 650 3000 2360 810
892338 -9190.77 -16239.5 -1.52477 1460 3170 3290 790
892426 -9130.49 -16408.8 -1.50609 1170 3970 3950 760
892514 -9124.88 -16595.2 -1.48949 1330 720 2030 790
892690 -9175.59 -16729.1 -1.53487 1260 3330 1870 770
892866 -9278.68 -16860.7 -1.59409 1190 1680 1950 750
893031 -9347.43 -16935.3 -1.61489 1150 1870 1890 730
893207 -9418.06 -17022.8 -1.62628 780 3290 2320 740
893383 -9476.57 -17108.2 -1.63437 620 2370 2390 810
893548 -9520.02 -17177.1 -1.65567 550 2910 2950 840
893724 -9599.75 -17338.7 -1.67536 2600 2700 1660 960
893900 -9662.62 -17430.1 -1.68975 530 2550 2600 1030
894076 -9432.23 -17405.5 -1.68436 590 1850 1890 1040
894241 -9447.44 -17518.2 -1.73212 730 2170 2210 1060
894417 -9461.37 -17613.4 -1.7274 730 2120 2160 1080
894593 -9493.53 -17709.3 -1.74694 850 1470 1490 1120
894681 -9570.16 -17859.2 -1.76198 910 1690 1690 2130
894769 -9630.8 -18013.4 -1.76903 1910 1690 1580 1850
894934 -9662.79 -18162.5 -1.76061 4490 1460 1220 2100
895022 -9687.72 -18324 -1.74154 6390 1370 1340 2070
895198 -9709.18 -18487.5 -1.72387 1780 2330 1220 2010
895286 -9743.61 -18645.2 -1.69862 1690 2000 1110 1960
895462 -9789.75 -18807.8 -1.66936 1720 1950 2140 1910
895550 -9816.1 -18976.8 -1.57394 1780 1830 1920 1850
895627 -9814.84 -19162.2 -1.46648 940 1740 1780 1790
895715 -9800.25 -19248.6 -1.36694 880 1610 1620 1100
895803 -9773.88 -19330.9 -1.27273 840 1560 1480 1060
895979 -9691.87 -19496.4 -1.1288 810 1420 1360 3430
896155 -9644.35 -19570.8 -1.03789 790 1530 1240 1010
896320 -9502.94 -19694.5 -0.86526 800 4120 1040 980
896496 -9423.06 -19748.2 -0.789618 820 3980 970 950
896672 -9249.6 -19844.3 -0.630096 880 2670 2380 880
896837 -9165.29 -19881.4 -0.530419 970 2240 2440 820
897013 -9074.04 -19897.2 -0.474558 790 2580 2060 750
897189 -8975.12 -19919.3 -0.410581 990 2730 2720 690
897365 -8868.64 -19950.4 -0.320958 810 3110 3150 650
897530 -8669.88 -19969.4 -0.18972 960 2480 2900 770
897618 -8480.41 -19965.2 -0.0832508 1080 1530 2880 720
897794 -8300.67 -19942.4 -0.0360675 1020 2140 2190 830
897970 -8084.79 -19876.1 -0.0015856 970 2590 2710 1040
898135 -7877.59 -19802.3 0.0164252 940 2520 2620 1070
898311 -7727.2 -19760.6 0.0472433 930 1970 2970 1100
898487 -7566.02 -19744.2 0.0757515 970 2250 6940 1100
898652 -7374.5 -19786.1 0.109832 1590 2030 4390 1090
898828 -7208.39 -19888.8 0.0905437 1590 2020 4420 1090
898916 -7050.9 -19985.4 0.0479405 1590 1950 6950 1090
899004 -6991.09 -20047.7 -0.00777084 1590 1910 6950 1090
899169 -6815.5 -20126.4 -0.0543933 1090 1700 2970 1080
899257 -6678.28 -20217.6 -0.0979837 1650 1660 6660 1060
899433 -6568.22 -20266.5 -0.0938468 990 1660 6660 1040
899521 -6413.6 -20298.7 -0.0811422 990 1330 1360 1040
899609 -6276.26 -20342.7 -0.0440167 980 3830 3870 1030
899774 -6150.2 -20379.1 -0.033229 1000 5530 6350 1040
899950 -6009.21 -20417.8 -0.00219382 1030 1140 1180 1040
900126 -5941.07 -20456.5 0.00537515 1090 4440 4040 1040
900214 -5875.02 -20511.2 0.0160759 1160 5120 4300 960
900379 -5695.4 -20541.4 -0.00165759 1220 1460 1460 920
900467 -5620.79 -20568.8 0.0221772 1260 3840 3960 870
900643 -5444.54 -20587.4 0.0280968 1330 3700 3880 770
900819 -5355.89 -20586.6 0.02005 1350 2840 3190 690
900984 -5248.75 -20578.3 0.00923364 1320 3120 6490 1020
901072 -5063.15 -20556.2 -0.0133729 1270 4330 6490 1370
901248 -4868.73 -20513 0.0216682 1200 3560 2570 1410
901424 -4679.45 -20464.3 0.0566275 1160 6430 2940 1460
901589 -4571.01 -20440.7 0.0721753 1110 3890 2160 1490
901765 -4363.63 -20408.4 0.0780254 1080 5240 2610 1530
901941 -4249.94 -20405.6 0.0692802 1050 6580 2580 1550
902117 -4050.15 -20431.1 0.0280628 1040 2830 1960 1560
902282 -3882.49 -20522.4 -0.0393747 1030 6690 2300 1580
902458 -3705.72 -20601.4 -0.079969 1010 1580 1610 1590
902634 -3619.99 -20641.9 -0.101157 1000 4140 1980 1600
902799 -3447.26 -20708.4 -0.158062 1030 4170 1950 1600
902887 -3268.53 -20772.8 -0.20587 1070 2380 2420 1640
902975 -3094.8 -20814.1 -0.215816 500 3800 7440 1620
903151 -2932.56 -20856.5 -0.247308 1130 3800 7440 1920
903327 -2779.98 -20871.7 -0.233239 1270 2890 3510 2220
903492 -2619.21 -20888.6 -0.21541 360 3510 7310 2250
903668 -2464.63 -20909.4 -0.187086 1250 2760 4680 1880
903844 -2328.86 -20943.8 -0.166035 1280 3230 4550 2060
904020 -2131.41 -20926.1 -0.11447 1350 2980 7090 1620
904185 -1953.62 -20911.8 -0.0808949 1460 2280 3150 1190
904361 -1853.36 -20902.3 -0.0617413 1490 2200 6930 1140
904537 -1747.67 -20898.6 -0.0463568 1490 2600 4760 1130
904702 -1585.22 -20925.9 -0.00788912 1090 2430 5120 1160
904878 -1401.69 -20902.5 0.0330526 1400 2430 5120 1210
905054 -1199.64 -20854.8 0.0384866 1330 3720 3470 1270
905230 -1015.96 -20794.3 0.0564008 950 7630 5320 1030
905395 -846.943 -20741.4 0.136553 1200 2520 2550 2050
905571 -666.268 -20711.9 0.13769 1200 5980 3970 1830
905747 -519.269 -20697.1 0.0964487 1180 2160 2190 2110
905912 -375.561 -20703.3 0.0247245 1210 6040 3680 2100
906088 -239.567 -20755.1 -0.0591099 1140 3510 2350 1490
906264 -105.982 -20833 -0.118548 1140 5290 3330 1460
906440 60.0313 -20930.5 -0.146191 1130 3660 3220 1440
906605 202.959 -20974.9 -0.170384 1150 3120 4100 1400
906781 378.119 -21009.2 -0.151507 1070 3360 5380 1140
906957 534.314 -21040.2 -0.169501 1190 2640 2680 1360
907133 675.386 -21076.2 -0.162832 970 5380 5170 1010
907298 806.479 -21123.8 -0.160862 1260 5020 4130 1310
907474 949.225 -21170.5 -0.168253 1310 4880 4920 1270
907650 1121.5 -21210.5 -0.147793 940 7400 7440 820
907815 1290.21 -21231.1 -0.100092 1840 3450 3480 1130
907991 1458.44 -21255.7 -0.0587692 1130 4700 4720 1050
908167 1643.63 -21259.5 -0.0620893 1960 1640 1670 940
908332 1838.95 -21241.9 -0.0345718 1970 5450 5470 850
908508 2045.62 -21243.1 -0.035037 1840 5450 3300 800
908596 2257.7 -21234.9 -0.0286964 2560 2840 2850 2000
908684 2440.49 -21244.6 -0.0229158 2600 5370 5370 830
908772 2617.15 -21206.5 0.0474348 1790 5370 5370 860
908860 2775.09 -21146.5 0.0532962 1750 1080 1080 920
909025 2922.07 -21078.7 0.0992904 1670 4470 4480 980
909113 3069.89 -21001.4 0.151549 1580 4470 7380 1060
909201 3231.99 -20929.3 0.161989 1470 1060 1080 1140
909289 3396.54 -20913.7 0.142729 1400 4540 4560 1200
909465 3552.15 -21030.2 0.0470419 1060 7010 2980 1040
909630 3615.5 -21128.2 0.00737627 1250 2940 2960 1340
909806 3649.77 -21247.3 -0.0279617 1170 4080 3040 1310
909982 3660.99 -21380.6 -0.0462899 1110 4870 2490 1480
910147 3721.7 -21462 -0.103144 1060 3580 1580 1480
910323 3867.53 -21599.4 -0.20801 900 4240 4270 1140
910499 3978.08 -21643.5 -0.244274 1050 870 900 1560
910675 4135.17 -21632.8 -0.313061 920 4700 4740 1150
910840 4260.93 -21632.7 -0.32629 1720 910 930 1550
911016 4477 -21656 -0.298113 1260 5000 4360 1160
911104 4554.2 -21814 -0.294422 1720 920 950 1540
911192 4715.25 -21898.9 -0.27941 1730 4270 4310 1540
911280 4886.71 -21962.4 -0.253349 860 5190 4540 810
911368 5024.04 -22013.9 -0.251926 1160 5140 4410 1510
911456 5213.45 -22022.5 -0.225466 1150 3500 3550 1500
911533 5393.14 -22051 -0.201125 830 4150 4170 780
911621 5591.23 -22053.3 -0.189533 1160 4040 4060 1420
911709 5694.25 -22140.9 -0.199428 1200 3420 3440 1390
911885 5772.04 -22288.9 -0.180856 1230 3950 3850 1370
912050 5919.95 -22275.5 -0.19224 1230 3950 4470 1370
912226 6037.4 -22259 -0.200688 1190 2690 2630 1420
912314 6140.24 -22273.6 -0.192628 640 3460 3470 1470
912402 6251.57 -22258 -0.181878 1090 3500 3380 1510
912490 6362.94 -22244.7 -0.195586 1070 3230 3270 1540
912655 6459.75 -22218.3 -0.206927 1060 3120 3170 1560
912743 6569.43 -22196.1 -0.197206 1060 3120 3170 1560
912831 6688.86 -22170.2 -0.176075 1070 2430 2470 1550
912919 6860 -22202.8 -0.187521 1170 2730 2790 1540
913007 7018.61 -22267.4 -0.225697 1170 2730 2790 1540
913095 7196.71 -22351.1 -0.314617 2840 2610 2640 1530
913183 7293.23 -22388.2 -0.323246 2910 2670 2540 1530
913348 7390.93 -22415.8 -0.324145 2500 2580 2450 1530
913436 7493.6 -22441.1 -0.343002 5920 2490 2470 5810
913524 7681.61 -22451.2 -0.296761 5920 3000 2380 5810
913612 7794.19 -22464 -0.273955 5920 2870 2310 5810
913700 7915.97 -22475.3 -0.259568 5920 2880 2220 5750
913788 8033.94 -22477 -0.207903 5920 2780 2150 5750
913953 8148.47 -22481.7 -0.14759 2600 2780 2070 5750
914041 8258.93 -22458.6 -0.10524 2580 2780 2600 4830
914129 8362.92 -22436.1 -0.0646259 2010 2780 5050 1330
914217 8562.83 -22379.1 0.0737126 1960 2780 5050 1280
914305 8669.84 -22343 0.130362 1930 2780 5050 1240
914393 8779.98 -22301.8 0.195054 1900 4880 4950 1200
914481 8871.65 -22250.6 0.27832 1830 4880 4950 1150
914646 8941.82 -22177.9 0.374632 1820 1400 1450 1110
914822 8971.67 -22104.4 0.460479 1620 4780 4830 1090
914998 9018.4 -21976.7 0.620445 1600 7320 7360 360
915174 9049.37 -21907 0.722748 1600 5150 5190 1040
