227968 -20005 -20036.6 -0.0264552 920 3800 2270 370
228232 -19995.6 -20039.1 -0.0325083 900 4980 1810 370
228485 -20050.2 -19996.4 -0.0407588 890 5650 3990 370
228749 -20098.8 -19928.6 -0.0489785 910 3670 2740 320
229002 -20074.5 -19860.9 -0.0438273 920 2430 3820 260
229266 -20012.7 -19777.2 -0.0501688 880 3560 3620 350
229519 -19927.2 -19723.8 -0.0489166 860 2200 2250 430
229783 -19818.7 -19731.7 -0.0297649 870 2540 2610 550
230047 -19717.1 -19738.4 -0.0302775 980 3050 3110 670
230300 -19635.1 -19711.9 -0.0556826 1030 2850 2250 670
230564 -19560.8 -19674.5 -0.0897428 1090 2540 2620 660
230817 -19456.7 -19711.2 -0.0858608 1050 2310 1810 650
231081 -19298.7 -19786.6 -0.058931 1040 1860 1940 1350
231334 -19125 -19835.4 -0.0445247 1080 1600 1660 2070
231598 -18926.5 -19865.3 -0.0359573 1080 1600 1660 2070
231862 -18712.2 -19878.8 -0.0292657 1070 1390 1450 2070
232115 -18461.8 -19877.9 -0.0304355 1070 1440 1550 3170
232379 -18203.2 -19868.7 -0.0332398 1060 900 1460 2140
232632 -17966.3 -19856.6 -0.0310873 1080 1340 1390 1760
232896 -17762.1 -19842.1 -0.031431 1110 1300 820 2110
233149 -17606.7 -19829.4 -0.0197463 1170 1550 1190 2080
233413 -17476 -19820.7 -0.0135833 1360 2010 1080 2620
233666 -17384 -19826 -0.0136629 1260 1690 1050 1680
233930 -17315.8 -19828.4 0.0025839 970 1950 2640 2170
234183 -17268 -19822.9 0.0699145 1180 1950 1970 3490
234447 -17217.9 -19808.7 0.183852 1050 1950 1940 2770
234700 -17141 -19774.1 0.324109 920 2450 1820 2300
234964 -17054.2 -19730.5 0.463428 760 2750 1700 2320
235228 -16979.5 -19712.6 0.61497 690 2870 1500 1540
235481 -16938.1 -19717.3 0.744044 620 2680 1240 1160
235745 -16924.9 -19728.8 0.879447 560 2340 1240 1210
235998 -16916.4 -19723.3 1.01663 520 3930 1390 1240
236262 -16878 -19658.7 1.15572 510 3490 3510 1270
236515 -16818.5 -19543.8 1.2859 500 2740 3450 1270
236779 -16745.8 -19372.3 1.38377 570 3050 2620 1220
237032 -16668.2 -19164 1.42961 640 2330 2310 1210
237296 -16588.8 -18924 1.45942 640 2550 2780 1150
237560 -16541.8 -18682.4 1.49717 5070 2000 2350 1220
237813 -16513.4 -18445.3 1.53701 3800 2180 2250 1160
238077 -16494.9 -18193.3 1.57764 5370 1920 2100 1080
238330 -16501.9 -17944.4 1.60233 3760 2380 1980 1000
238594 -16529.2 -17671.4 1.60472 5800 2210 2020 950
238858 -16557.3 -17403.9 1.60797 6080 1620 1760 930
239111 -16589 -17149.3 1.6157 4710 1520 1880 900
239375 -16617.8 -16959 1.62597 7220 2430 1810 890
239628 -16647.8 -16809.6 1.63264 4600 3420 1760 900
239892 -16680.8 -16686.7 1.60521 7140 2700 1710 930
240156 -16720 -16573.5 1.5704 6180 3350 1520 950
240409 -16761.8 -16465 1.53887 3040 2950 1370 970
240673 -16790.8 -16372.3 1.49138 5080 2050 1700 980
240937 -16806.5 -16284.8 1.41481 2910 1740 1310 1130
241190 -16797.2 -16218.8 1.36253 2230 1720 1770 1490
241454 -16767.8 -16170 1.32784 1560 1700 1790 1510
241707 -16740.6 -16140.7 1.28152 1660 1690 1930 1690
241971 -16727.2 -16146.6 1.20796 1700 1660 6020 2420
242224 -16729.5 -16171.9 1.10306 1820 3050 3390 3550
242488 -16736.3 -16187.2 0.97165 1610 3270 3310 1590
242741 -16731.8 -16194.8 0.814337 1710 4880 4920 1490
243005 -16709.5 -16197.5 0.648233 1600 4410 4460 1440
243269 -16671.4 -16193.1 0.490954 1410 5620 3900 1110
243522 -16619.9 -16178.1 0.34015 760 4170 4190 720
243786 -16557.6 -16163.9 0.180706 970 4540 2860 1510
244039 -16461 -16166.1 0.0443862 1500 5300 5990 1640
244303 -16301.5 -16195.1 -0.066009 1570 5290 4860 1640
244556 -16117.6 -16235.7 -0.141117 1240 5270 5670 1640
244820 -15894.9 -16275.6 -0.199744 1330 5180 4510 1310
245073 -15659.1 -16315.2 -0.237011 1640 3780 4000 1580
245337 -15385.8 -16358.6 -0.247283 1280 6550 5120 1530
245590 -15096.6 -16390.9 -0.27072 1730 3400 3440 1480
245854 -14808.3 -16406.7 -0.289718 1760 7170 4830 1450
246118 -14495.5 -16412.7 -0.289371 1270 3700 3480 1440
246371 -14186.8 -16409.3 -0.279353 270 4600 3930 1450
246635 -13862 -16394.6 -0.270047 640 4600 3900 1440
246888 -13559.6 -16365.2 -0.270161 1770 2010 2820 1430
247152 -13247.8 -16326.6 -0.276687 1300 5530 3030 1410
247405 -12951.9 -16297.9 -0.287007 1810 5210 3130 1360
247669 -12650.6 -16302 -0.286632 1780 4110 3200 1440
247933 -12347.9 -16314.9 -0.264731 1730 7100 5370 1510
248186 -12025 -16331 -0.202774 1710 3740 3790 1530
248450 -11702.9 -16340.4 -0.130525 1710 3410 3460 1460
248703 -11393.3 -16332.4 -0.0935119 1750 6350 4390 1440
248967 -11061.2 -16318.8 -0.0937854 1780 2940 3030 1410
249220 -10751 -16345.8 -0.0968942 1770 5350 3210 1330
249484 -10428.1 -16402.4 -0.0953384 1760 3750 3390 1370
249748 -10109.9 -16439.9 -0.0921486 1750 3030 3130 1380
250001 -9771 -16454.5 -0.090842 1740 6780 4460 1390
250265 -9428 -16444.7 -0.0952802 1740 4090 3180 1360
250518 -9067.5 -16422.4 -0.100106 1790 4040 2710 1280
250782 -8643.1 -16403.8 -0.0967917 1840 5730 4620 1330
251046 -8223.6 -16402.4 -0.0950806 1840 2660 2690 1330
251299 -7785.3 -16430.3 -0.0906606 1760 4620 3960 1320
251563 -7368.8 -16455.3 -0.0912332 1760 5090 4480 1320
251816 -6947 -16458.2 -0.0900868 1800 3880 3750 2000
252080 -6530 -16442.5 -0.0905608 1810 6370 6390 3210
252333 -6129.5 -16433 -0.0927325 1800 2880 3350 3210
252597 -5712.5 -16443.1 -0.0938579 1750 3660 3090 3210
252861 -5331 -16472.1 -0.0949083 1720 4430 4260 2700
253114 -4956.1 -16500 -0.0969787 1700 2170 2220 3270
253378 -4601.4 -16512.3 -0.10024 1680 4260 4290 2720
253631 -4276 -16526 -0.104028 1670 4690 3520 3320
253895 -3946.8 -16554 -0.107302 1670 3400 2240 3310
254159 -3639 -16575.8 -0.105986 1660 3470 5130 2730
254412 -3317 -16598.8 -0.102353 1720 2130 2160 3230
254676 -3009.2 -16643.5 -0.0982461 1750 4230 4240 2630
254929 -2683.9 -16693.2 -0.098443 1780 4500 4530 3210
255193 -2347.9 -16723.2 -0.0988054 1620 4860 3150 3220
255446 -2027.1 -16732.6 -0.0969952 1780 3050 5640 3190
255710 -1681.5 -16723.1 -0.0977959 1800 3500 3480 3180
255974 -1321.2 -16701.2 -0.0971165 1380 4540 1830 3210
256227 -921.7 -16684.5 -0.0945145 1350 3910 3210 2470
256491 -526 -16695.4 -0.0871182 1500 3450 3120 3310
256744 -154.2 -16717 -0.095543 1330 5300 2990 2890
257008 228.9 -16702.6 -0.151427 1580 3870 3920 3400
257272 593.3 -16688.1 -0.173231 1320 4250 4300 3300
257525 967.9 -16719.4 -0.142437 1180 6300 4800 3300
257789 1322.9 -16773.7 -0.108061 1720 4970 3970 3210
258042 1681.1 -16828 -0.0922173 1740 4950 7500 3120
258306 2030.3 -16866.9 -0.0869983 1650 4750 4430 2670
258570 2354.5 -16886.5 -0.0791713 1810 4680 4710 3000
258823 2687.7 -16888.1 -0.0769071 1820 6290 6330 2360
259087 3004.4 -16874.5 -0.0861329 1810 3300 3350 1260
259340 3338.3 -16847.6 -0.0975479 1810 5480 5520 1290
259604 3689.7 -16820.7 -0.0997351 1110 5980 6020 830
259857 4056.2 -16803.4 -0.0961988 1840 4680 4720 1310
260121 4461.1 -16796 -0.0866914 1840 7170 7210 1310
260374 4862.1 -16789.4 -0.0859077 1820 3240 3280 1320
260638 5283.4 -16792.7 -0.0869628 1800 5290 5330 1230
260902 5704.5 -16815.6 -0.0841239 1780 4790 6020 1370
261155 6090.5 -16839.7 -0.0839605 1800 2890 2920 1360
261419 6471.2 -16850 -0.0863499 1790 4550 6730 1330
261672 6819.7 -16858.1 -0.089681 1810 3230 4130 1340
261936 7168.8 -16877.6 -0.0895055 1800 2790 4110 1340
262200 7497.6 -16903.5 -0.0864157 1800 5710 5520 1370
262453 7831.9 -16923.1 -0.0820539 1790 2680 2720 1380
262717 8149.4 -16930.4 -0.081636 1790 4710 4260 1370
262970 8486.1 -16934.9 -0.086018 1780 3790 4540 1360
263234 8825.4 -16954 -0.0862716 1730 2850 3350 1350
263498 9151.5 -16977.6 -0.0860443 1730 6110 4240 1400
263751 9499 -17003.3 -0.0850761 1740 2680 2710 1410
264015 9845.5 -17024.4 -0.0862154 1650 3550 2250 1420
264268 10203.4 -17039.8 -0.0822885 1740 3210 3240 1430
264532 10555.5 -17047.2 -0.0762878 1730 1930 3230 1430
264785 10877.8 -17056.4 -0.0777682 1720 2010 2040 1450
265049 11213.3 -17094.9 -0.0761713 1700 4600 2590 1440
265313 11534.7 -17137.4 -0.0766046 1650 3300 2320 1440
265566 11871.3 -17161.2 -0.0794061 1570 5090 5130 1130
265830 12207.5 -17168 -0.0839772 1740 2800 2860 1410
266083 12537.1 -17176.7 -0.0864808 1500 4370 3780 1310
266347 12882.2 -17202.3 -0.0830205 1730 4020 3700 1410
266611 13213.9 -17227.6 -0.0839097 1690 1790 1830 1440
266864 13564.5 -17241.8 -0.083861 1670 3360 3380 1400
267128 13906 -17241.7 -0.0830934 1610 2950 2980 1420
267381 14258.7 -17232.8 -0.077875 2460 2700 1930 1330
267645 14604.8 -17225.5 -0.0794829 2830 2410 2420 2540
267898 14930.3 -17248.8 -0.0795075 3860 2060 2060 3500
268162 15274.9 -17294.7 -0.0761326 1340 1810 1780 3470
268415 15604.5 -17324.2 -0.0818704 1860 1660 1670 3450
268679 15944.4 -17357.8 -0.0846475 1450 1610 1670 2400
268943 16273.8 -17403.8 -0.0729566 3800 1570 1520 3360
269196 16596.5 -17433.9 -0.0631419 4160 1460 1490 3390
269460 16939.7 -17440.3 -0.0609306 3110 1410 1060 3440
269713 17210.5 -17420.8 -0.0673112 3620 1400 1360 3480
269977 17348.4 -17378.4 -0.0654632 4700 1410 1370 3600
270230 17422.2 -17327.7 -0.0650192 5320 1380 1370 3370
270494 17520.9 -17286.2 -0.05912 5900 1410 1330 3940
270758 17621 -17290.8 -0.0452898 3540 1830 1320 3510
271011 17710.2 -17313.8 -0.00242698 1410 1960 1240 4040
271275 17775 -17322.1 0.0973324 1350 1740 1190 4970
271528 17814.9 -17312.8 0.21499 1240 1800 1150 4310
271792 17842.7 -17288.2 0.336586 1110 1710 1180 4950
272045 17863.7 -17262.2 0.442181 980 1650 1340 3620
272309 17895.6 -17241.5 0.540982 920 4980 1390 4910
272573 17948.9 -17214.4 0.627179 800 3450 1260 6090
272826 18022.2 -17165.6 0.715462 740 5300 1430 4750
273090 18118.6 -17111.2 0.815546 700 4510 1270 7260
273343 18227.2 -17057.6 0.909744 670 3420 1140 4580
273607 18322.1 -17009.3 1.00397 770 4700 970 3920
273871 18378.1 -16977.7 1.09094 690 3110 3130 2340
274124 18411.6 -16936 1.18712 600 2710 2680 1990
274388 18442.2 -16850.6 1.2619 560 5440 2490 1990
274641 18481.6 -16692.3 1.28169 580 2450 1360 1980
274905 18523.6 -16462.1 1.25901 620 6270 1860 1940
275158 18563.1 -16189.5 1.24351 690 4950 2670 1870
275422 18609.4 -15866.6 1.27786 770 5390 1990 1780
275686 18657.6 -15535.9 1.39528 810 3670 2140 1650
275939 18684.2 -15175.9 1.51278 910 1970 3560 1550
276203 18679.5 -14793.7 1.53205 1050 5920 2460 1510
276456 18656 -14405.8 1.54809 1050 5920 2460 1510
276720 18598.9 -13986.4 1.55181 1050 5920 2460 1510
276973 18525.7 -13577 1.53958 1050 5920 2460 1500
277237 18440.7 -13159.2 1.52669 1080 3420 2130 1470
277501 18359.1 -12782.3 1.52149 1020 3500 2160 1450
277754 18293.3 -12419.3 1.52183 1050 3520 5100 1440
278018 18278.7 -12078.1 1.52156 1090 2150 2190 1390
278271 18283.1 -11762.5 1.51734 1120 5190 4270 1350
278535 18283.3 -11437.6 1.51416 1160 4620 4650 1320
278788 18274.9 -11133.1 1.51316 1200 3250 3280 1270
279052 18260.2 -10816.7 1.51314 1250 5710 5550 1230
279316 18240.2 -10514.5 1.51317 1350 3020 2490 1130
279569 18212.8 -10195.9 1.51568 1390 2950 2050 1110
279833 18180.6 -9875.5 1.52036 1410 4570 3200 1140
280086 18146 -9554.4 1.52506 1420 4110 1580 1110
280350 18106.4 -9196.9 1.52798 1310 5390 3650 1090
280614 18067.5 -8841.1 1.52944 1480 4000 3250 1070
280867 18026.1 -8464.7 1.53338 1280 4380 3290 1070
281131 17997.2 -8103.4 1.53216 1460 3870 2930 1090
281384 17983.8 -7726.9 1.52931 1440 3450 3480 1100
281648 17974.7 -7351 1.52621 1120 5170 5220 1120
281901 17960 -6977.4 1.52716 1230 4300 4340 1130
282165 17948.2 -6577.9 1.5265 1390 3860 3900 1130
282429 17956.9 -6207 1.52561 1170 5140 5180 1130
282682 17979.8 -5837.9 1.52029 1390 3910 3940 1130
282946 18008.6 -5485 1.51006 1420 4360 4390 1110
283199 18036.3 -5146.1 1.50267 1450 5260 5260 1100
283463 18059.9 -4792.3 1.50471 1450 5200 4330 1090
283716 18080.1 -4441.1 1.50616 1460 7620 5140 1080
283980 18095 -4061.8 1.5095 1450 4950 4310 1100
284244 18105.6 -3688.8 1.52159 1430 4890 3910 1110
284497 18111.6 -3298.5 1.52643 1430 4790 4800 1120
284761 18109.4 -2900.3 1.52423 1430 4740 3930 1120
285014 18110.3 -2522.5 1.52774 1440 4160 7350 1120
285278 18124.1 -2130 1.53465 1410 4660 3030 1140
285542 18156.4 -1760 1.5333 1380 4630 2740 1110
285795 18192.5 -1374.7 1.52419 1340 6290 2900 1160
286059 18218.1 -1004.7 1.51943 1300 3210 2340 1260
286323 18236.1 -618.2 1.51772 1290 5310 2260 1270
286576 18257.7 -227.3 1.51828 1290 5730 4670 1270
286829 18297.7 150.9 1.51587 1310 4380 4420 1260
287093 18359.3 532.1 1.57506 1340 6810 6850 1220
287357 18418.9 870.5 1.652 1370 4170 4200 1180
287610 18468.1 1224.7 1.6527 1390 4100 4120 1160
287874 18501.5 1579.5 1.64768 1380 5720 5760 1180
288127 18514.8 1909.2 1.65381 1350 2650 2660 1210
288391 18511.7 2247.2 1.64761 1330 6430 4730 1220
288644 18491.4 2578.3 1.60152 1350 3730 4980 1210
288908 18465.1 2910.1 1.5652 1370 2800 5350 1190
289161 18457.3 3252.9 1.55792 1400 6140 6170 1170
289425 18477.7 3603.2 1.5683 1400 5350 3710 1160
289689 18513.5 3946.4 1.57364 1390 3720 3760 1170
289942 18533.9 4264.2 1.56079 1380 4930 4810 1180
290206 18533.5 4595.6 1.53651 1380 2310 2340 1190
290459 18519.7 4919.4 1.52534 1390 3200 3650 1180
290723 18503.8 5258.3 1.52736 1390 4650 4020 1170
290976 18500.6 5591.1 1.53032 1390 5910 2680 1180
291240 18520 5942.8 1.53334 1390 4480 1940 1150
291504 18542 6277.6 1.53366 1390 5120 2000 1130
291757 18552 6620.5 1.52469 1370 3200 2060 1190
292021 18551.3 6960.4 1.49194 1340 4400 4370 1220
292274 18554.5 7285 1.47748 1300 3050 2230 1260
292538 18568.1 7629.8 1.48178 1240 5580 5580 1280
292802 18575.8 7952.8 1.48836 1280 4660 2940 1280
293055 18580.3 8286.5 1.48862 1290 5480 2900 1150
293319 18608.4 8606.1 1.48351 1320 4510 4550 1240
293572 18663.9 8946.2 1.48025 1350 4040 4090 1210
293836 18710.3 9304.4 1.48238 1220 5280 5310 1080
294089 18738.1 9648.6 1.48389 1370 3890 3930 1190
294353 18749.9 10008.8 1.484 1120 4260 4960 1180
294617 18746 10353.4 1.48555 1370 6280 6350 1190
294870 18729.8 10711.1 1.48631 1350 5010 5040 1200
295134 18708.9 11074.8 1.48928 990 7570 7590 1210
295387 18705.8 11420.2 1.48991 1100 4960 4980 1190
295651 18716.3 11765.5 1.49082 1390 4900 4920 1170
295915 18723.8 12079 1.49221 1410 6500 6520 1160
296168 18745 12392.1 1.49248 1400 4640 4690 1170
296432 18773.5 12685 1.49392 1380 5440 5480 1180
296685 18789.1 12988.9 1.49509 1370 5750 5790 1190
296949 18786.7 13293.9 1.49317 1370 4380 4420 1190
297202 18771.8 13590.1 1.49018 1380 6880 3800 1190
297466 18765.2 13895.4 1.48997 1380 5970 4280 1180
297730 18781.1 14191.1 1.48982 1390 6790 4230 1180
297983 18810.2 14507.6 1.485 1390 5780 5410 1170
298247 18829.1 14821.7 1.48193 1390 2680 2720 1170
298500 18840.4 15123.4 1.48142 1390 4740 4780 1170
298764 18847.5 15449.3 1.47985 1420 5080 5100 1140
299028 18846.3 15764 1.48035 1430 3730 3780 1130
299281 18847 16093.9 1.48254 1440 6250 6280 1120
299545 18851.8 16415.2 1.48278 1450 3600 5460 1110
299798 18865.1 16754.1 1.48084 1450 3550 3580 1110
300062 18871.4 17092.7 1.48047 1440 4930 4790 1120
300326 18860.3 17414.3 1.48257 1430 3690 3610 1140
300579 18845.4 17743 1.48674 1430 6240 5450 1140
300832 18845.2 18052 1.48957 1450 3610 3010 1120
301096 18842.7 18370.9 1.48803 1460 5930 4150 1090
301360 18844.4 18685.3 1.48559 1510 5500 3820 1060
301613 18864.9 18984.8 1.48089 1540 750 770 1020
301877 18882.3 19307.5 1.475 1560 690 690 1000
302130 18884.7 19610.8 1.47688 1570 2350 2800 990
302394 18873.6 19921.9 1.48231 1580 2910 4280 940
302647 18851.5 20239.2 1.48198 1480 4510 4690 910
302911 18830.7 20545 1.48085 2040 2610 4440 930
303164 18819.8 20811.5 1.48462 2630 4320 2510 980
303428 18802 21024.5 1.48388 2070 3800 3290 2640
303681 18776.5 21194.2 1.47329 4320 3390 3450 5100
303945 18749.6 21330.2 1.39752 3200 4240 2720 3060
304209 18715.9 21475.1 1.24032 5910 3370 2620 4010
304462 18721 21619.5 1.11416 4970 2630 2560 2610
304726 18774.4 21771.1 1.03605 5770 2550 2490 2200
304979 18817.8 21916 0.967747 4770 2410 2400 3510
305243 18824 22028 0.876632 450 2340 2330 3610
305507 18799.4 22105.9 0.762573 3820 2250 2270 3520
305760 18782.3 22167.6 0.618987 2990 2240 2270 3230
306024 18823.7 22198.5 0.490694 5330 2330 2390 3260
306277 18912.3 22239.4 0.37884 5440 2240 2440 3580
306541 19005.3 22297.7 0.289031 2800 2240 2310 3390
306805 19075.8 22360.3 0.196761 5850 2300 2390 3730
307058 19114.6 22426.2 0.0719513 3850 2030 2100 3770
307322 19116.9 22489.3 -0.0621689 4230 2170 2330 3080
307575 19090.8 22544 -0.191743 6340 1970 2040 2090
307839 19061.1 22550 -0.316956 5610 2020 5170 1670
308092 19078.5 22520.9 -0.426184 1600 5510 4840 1990
308356 19137.6 22463.6 -0.52628 1570 4170 3790 1980
308609 19231.7 22390.9 -0.625275 1580 6600 6640 1960
308873 19345.1 22311.6 -0.767976 1620 5670 3140 1930
309126 19413.1 22269.7 -0.952086 1630 3900 3930 1900
309390 19430.5 22272.7 -1.13583 1650 5540 5580 1880
309654 19422.4 22309.4 -1.30871 1650 2500 2530 1410
309907 19421.4 22317.1 -1.44175 1610 4540 4580 940
310171 19439.8 22245.1 -1.55301 1580 4870 4930 990
310424 19460.3 22109.3 -1.6516 1560 3520 5300 1000
310688 19481.7 21914.3 -1.68257 1550 6030 6080 1010
310941 19497.6 21691.3 -1.6669 1550 3600 2760 1000
311205 19484.4 21425.2 -1.64406 1600 3640 6550 950
311469 19442.5 21150.1 -1.63243 1640 1130 6920 920
311722 19398.6 20848.2 -1.63215 1640 1770 6120 910
311986 19367.3 20523.2 -1.6345 1690 4570 4600 870
312239 19350.1 20194.5 -1.63265 1710 5010 5060 860
312503 19347.8 19845.4 -1.64537 1720 3760 3790 840
312767 19361.8 19504.5 -1.65826 1710 6310 6370 850
313020 19384.2 19153 -1.63629 1680 2840 5430 880
313284 19413.7 18823.6 -1.61246 1640 3630 3660 920
313537 19448.9 18498.1 -1.60388 1600 5310 5350 960
313801 19465.3 18189.8 -1.60423 1570 2260 2300 990
314054 19472.7 17901.3 -1.64097 1550 4410 4060 1010
314318 19464.4 17612.7 -1.6574 1520 3410 2740 1030
314582 19429.1 17346.8 -1.65094 1490 3360 2680 1040
314835 19386.4 17066.4 -1.64891 1510 5860 3350 1020
315099 19343.9 16765.5 -1.64677 1560 4510 1740 990
315352 19303.4 16465.8 -1.64167 1610 5680 1950 960
315616 19266.2 16150.1 -1.62865 1640 4240 4260 930
315869 19241.9 15843.2 -1.62356 1650 2890 4620 910
316133 19238.8 15523.3 -1.63293 1310 5350 5400 920
316386 19253.2 15223.2 -1.63943 1630 3640 3680 930
316650 19278.8 14906.9 -1.63838 1610 5370 2880 940
316914 19310.2 14575.4 -1.63245 1470 4640 4690 950
317167 19336.8 14247.6 -1.62372 1590 4200 4250 970
317431 19348.4 13904.2 -1.61667 1550 5430 2940 940
317684 19337.5 13566.3 -1.62325 1520 4010 4050 1020
317948 19318.2 13200.5 -1.64115 1490 4370 5400 1000
318212 19293.9 12826.6 -1.63434 1500 6370 5150 1080
318465 19267.9 12417.1 -1.63028 1510 5000 4190 1060
318729 19246 12031.1 -1.63514 1530 7430 7460 1030
318982 19204.9 11658.9 -1.63808 1550 4830 4860 1010
319246 19152.5 11317.8 -1.64125 1560 4800 4850 1000
319510 19119.5 10995 -1.6485 1560 6500 4420 800
319763 19114.1 10663.2 -1.66367 1530 3450 3500 1020
320027 19125.1 10311.5 -1.66246 1480 5590 3100 1030
320280 19141.3 9914.6 -1.64556 1480 4010 5980 1050
320544 19159 9501.7 -1.63445 1490 2740 3980 1070
320797 19170.8 9094.5 -1.63098 1460 2810 2910 1100
321061 19162.2 8673.2 -1.63434 1430 2930 4530 1130
321314 19139.6 8265.4 -1.64597 1420 2320 7070 1140
321578 19122.3 7840.4 -1.65804 1420 4670 6280 1140
321842 19110.5 7424.3 -1.65863 1430 4540 4570 1120
322095 19090.4 7029.9 -1.65963 1450 7040 7080 1070
322359 19059.2 6642.6 -1.6554 1440 4430 4470 1100
322623 19028.3 6281.1 -1.65227 1420 4360 4420 1080
322876 19011.2 5908.3 -1.65525 1100 4290 3620 1080
323140 19009 5550.8 -1.65146 1410 2870 2890 1140
323393 19018.9 5187.6 -1.64635 1440 6190 4940 1120
323657 19030 4843.2 -1.63852 1470 4500 5290 1090
323921 19019.3 4488.6 -1.63742 1490 3410 3090 1070
324174 18987.5 4129 -1.64131 1470 4490 1370 1080
324438 18968.6 3777.1 -1.64672 1450 4000 3310 1100
324691 18968.6 3405.5 -1.64401 1440 2580 2980 1120
324955 18988.4 3028.9 -1.64695 1420 3490 4020 1130
325208 19017.8 2661.3 -1.65336 1390 2080 2160 1150
325472 19029.2 2278.3 -1.64376 1340 2350 2630 1150
325736 19005.3 1917.4 -1.64379 1410 2630 4640 1130
325989 18975.2 1553.1 -1.64787 1450 2200 3470 1100
326253 18953.9 1191.5 -1.64987 1450 2150 6020 1110
326506 18935.3 855.6 -1.64972 1430 2100 2210 1120
326770 18916.3 510.9 -1.6387 1420 1770 1860 1130
327023 18907.1 179 -1.62519 1420 2280 5130 1130
327287 18920.2 -169.2 -1.63259 1430 1450 2040 1120
327540 18936 -503 -1.64546 1450 4090 4140 1090
327804 18923 -851.6 -1.65376 1480 4460 4500 1060
328068 18894.3 -1210.3 -1.65233 1450 4840 4880 1060
328321 18871.5 -1551.4 -1.6474 1480 5210 4500 1060
328585 18861.1 -1905.9 -1.64369 1470 2590 2090 1050
328838 18861.6 -2249.7 -1.64185 1220 4240 2920 990
329102 18865.3 -2613.6 -1.6466 1210 2600 3260 1110
329366 18874.9 -2970.2 -1.65098 1410 2470 3010 1140
329619 18883.9 -3340.1 -1.64959 1420 3360 5870 1140
329883 18877 -3683.7 -1.64767 1420 2850 2790 1120
330136 18861.4 -4039.2 -1.64761 1450 2790 6090 1100
330400 18836.3 -4394.4 -1.64576 1480 4140 4330 1060
330664 18803.8 -4731.5 -1.63894 1510 5080 3210 1040
330917 18779.7 -5080.6 -1.6445 1510 6730 5020 1040
331181 18774 -5416 -1.65081 1490 3560 4710 1050
331434 18780.1 -5770.7 -1.64881 1460 5770 3800 900
331698 18799.6 -6134.7 -1.64526 1400 6160 4090 1090
331951 18824.4 -6488.4 -1.645 1420 4410 3290 1050
332215 18835.1 -6858.9 -1.64454 1480 3570 3570 980
332479 18821.7 -7212.8 -1.64338 1490 2850 2890 980
332732 18794.1 -7576.6 -1.64597 1480 2600 2640 1000
332996 18766.4 -7928.8 -1.64583 1460 3300 2710 1030
333249 18748.8 -8261.6 -1.64316 1440 3180 3240 1070
333513 18748.6 -8608 -1.64571 1400 4120 4210 1080
333766 18760.7 -8943.5 -1.64715 1390 3790 5730 1100
334030 18758.9 -9279.5 -1.64637 1400 2950 4360 1150
334294 18740.2 -9599.8 -1.64453 1430 3250 6830 1120
334547 18714.6 -9928.9 -1.6425 1470 2870 2910 1080
334811 18673.8 -10253.8 -1.64387 1460 2110 2880 1020
335075 18636.4 -10573.4 -1.63657 1430 2610 3400 990
335328 18618.8 -10911.4 -1.63075 1450 2190 2790 1080
335592 18624.6 -11236.4 -1.63623 1460 2330 6580 1100
335845 18649.9 -11580.1 -1.64427 1450 2390 3740 1120
336109 18677.8 -11913.2 -1.64786 1420 2630 2760 1140
336362 18687.6 -12266 -1.65313 1420 3080 4070 1150
336626 18665.1 -12617.8 -1.65361 1420 2180 2270 1130
336879 18632.7 -12961.1 -1.65456 1410 1940 2010 1170
337143 18612 -13321.1 -1.65354 1600 3130 3040 1230
337396 18581.2 -13688 -1.64681 4980 2950 1980 1190
337660 18549.5 -14035.6 -1.64474 4280 4310 2730 1150
337913 18535.1 -14388.8 -1.64701 5880 5010 4010 1100
338177 18518.8 -14727.5 -1.6494 2890 5740 1880 1060
338441 18495.3 -15081.9 -1.64644 4990 4900 5000 1020
338694 18479 -15384.6 -1.64294 5320 2040 2050 1020
338958 18475.2 -15605.6 -1.64005 5730 3880 3900 1050
339211 18495 -15735.4 -1.63717 6600 4280 4320 1080
339475 18525.1 -15813.4 -1.63174 4020 4610 4660 1110
339739 18554.8 -15875 -1.62924 3980 5210 5300 1160
339992 18575.2 -15975.1 -1.6294 5630 5180 2830 1190
340256 18563.6 -16094.2 -1.63478 2500 5310 3470 1290
340509 18521.7 -16199.8 -1.63935 4690 5390 3110 1320
340773 18492.2 -16279.1 -1.66743 2520 4000 2790 6590
341026 18486.5 -16337 -1.74972 2160 5230 2860 6590
341290 18501.6 -16385.1 -1.88178 5830 5120 5180 5860
341543 18530.3 -16414.2 -2.01207 5090 5120 4540 2050
341807 18545.8 -16448.2 -2.15183 3060 5140 2630 790
342071 18533.4 -16512.4 -2.28572 3780 4290 3480 4330
342324 18511.6 -16578.7 -2.3952 1990 5140 5190 1980
342588 18502.3 -16625.5 -2.48885 2920 5880 5920 4710
342841 18514.6 -16640.4 -2.57583 3550 4910 4940 3890
343105 18531.5 -16644.3 -2.68375 2470 6510 6530 4130
343369 18509.2 -16689.3 -2.80302 3910 3420 3460 4740
343622 18456.5 -16781.8 -2.92376 2360 5550 5590 4730
343886 18408.9 -16871.8 -3.00511 2950 3640 5950 4700
344139 18335.9 -16920.7 -3.04432 1890 3100 4650 4430
344403 18213.5 -16924.9 -3.0458 1750 7270 4560 3010
344656 18055.3 -16908.1 -3.04618 1780 3420 3420 1300
344920 17846 -16894.5 -3.05536 1830 5490 5540 1190
345184 17611.9 -16901.9 -3.06616 1890 5410 6290 1260
345437 17341.1 -16938.4 -3.0804 1930 4140 3230 1270
345701 17053.7 -16999 -3.11469 1920 6200 7050 1250
345954 16760.1 -17073.6 3.13226 1920 3970 4380 1240
346218 16436.9 -17144.3 3.10752 1930 3700 4340 1230
346471 16110.4 -17184.6 3.09258 1890 5120 6010 1250
346735 15766.4 -17207.8 3.07923 1870 3010 3040 1280
346999 15429.2 -17212.2 3.06825 1850 4760 5080 1280
347252 15082 -17213.7 3.08671 1850 4190 5380 1300
347516 14745.3 -17221.1 3.09911 1870 3180 4010 1290
347769 14434.5 -17215.9 3.09746 1890 3900 6240 1290
348033 14123.3 -17189.7 3.09116 1860 3580 5180 1290
348286 13832.9 -17164.4 3.07972 1850 3350 5670 1310
348550 13525.6 -17140.7 3.07074 1820 3140 4870 1330
348814 13237.2 -17124.5 3.07041 1810 2000 2450 1300
349067 12932.7 -17125.1 3.07268 1800 4460 3660 1340
349331 12633.7 -17133.8 3.07944 1790 4800 4060 1390
349584 12352.7 -17120.5 3.08317 1790 3590 3100 1370
349848 12059.4 -17095.1 3.07378 1760 4290 4080 1370
350112 11775.1 -17074.9 3.06851 1820 2790 2740 1360
350365 11479.3 -17054.5 3.06717 1690 3830 2300 1390
350629 11183 -17036.1 3.07084 1660 4370 3570 1410
350882 10850.5 -17027.4 3.07672 1700 1950 2030 1440
351146 10508.9 -17033.3 3.07721 1630 3120 3210 1470
351399 10183.1 -17042.3 3.07152 1720 3610 4520 1480
351663 9840.5 -17039.4 3.06433 1610 3600 2360 1410
351927 9507 -17020.2 3.05307 1540 3490 5680 1420
352180 9158.4 -16981.2 3.06016 1750 1810 1840 1440
352444 8810.1 -16928.5 3.07424 1640 3060 3920 1470
352697 8478.2 -16892.4 3.07923 1670 3490 4330 1490
352961 8135.1 -16877.9 3.08026 1520 3760 3010 1390
353214 7816.4 -16884.3 3.07891 1370 3440 5500 1460
353478 7488.3 -16891.2 3.07125 1650 3130 2820 1420
353742 7176.9 -16869 3.06466 1270 2840 5320 1150
353995 6850.4 -16827.2 3.0664 2640 4560 4310 1510
354259 6517.6 -16788.4 3.07234 3380 4150 3810 1530
354512 6189.4 -16771.1 3.07491 3460 4030 6700 1480
354776 5845.6 -16775.7 3.07179 3540 5170 3630 1520
355029 5514.3 -16777.6 3.06887 2300 4040 5720 1560
355293 5174.2 -16754.3 3.07301 3410 4610 6060 1630
355557 4854.5 -16724.2 3.07742 3200 4350 4710 1630
355810 4518.2 -16706.4 3.07353 3340 4080 4200 1630
356074 4184.8 -16696.2 3.06571 3350 3100 4530 1630
356327 3877 -16672.5 3.05809 3420 3390 1850 1580
356591 3547.2 -16618.9 3.04764 3220 5450 5100 1550
356855 3232.2 -16553.1 3.06418 3520 3120 1900 1480
357108 2904.6 -16502.7 3.08519 3330 3770 5310 1360
357372 2588.6 -16481.1 3.09086 3790 4460 7290 1280
357625 2263.6 -16480.5 3.08391 4800 3670 6390 1600
357889 1960.6 -16497.9 3.0502 4010 7130 7040 2550
358142 1727.2 -16535 2.99736 5480 4440 4520 2350
358406 1559 -16609.5 2.94767 3870 4340 4450 2410
358670 1458.3 -16709.1 2.90324 4580 6010 4380 2400
358923 1392.2 -16797.1 2.78805 5320 4140 4200 4100
359187 1301.3 -16821.5 2.60657 4240 6640 4930 4110
359451 1199.6 -16808.1 2.43083 5730 5260 2580 7300
359704 1105.1 -16777.3 2.2563 3610 3960 2870 5120
359968 1032.3 -16749.3 2.09669 3230 6470 6520 4660
360221 975.1 -16735.3 1.9476 4440 2590 2630 5920
360485 934.8 -16728.9 1.82563 3660 6420 2580 4570
360749 908.1 -16682.5 1.71332 3710 5420 3770 4580
361002 891.2 -16592.3 1.61068 4410 2370 2400 5030
361255 851.7 -16478.2 1.53644 4330 3560 3600 4950
361519 789.3 -16338.8 1.48865 5940 2660 2110 5070
361783 710.2 -16187.9 1.44978 2860 3410 1740 2830
362036 621.1 -16029.6 1.40988 6700 2420 2390 4050
362300 523.6 -15856.4 1.35898 5230 2410 1440 4600
362553 442.8 -15677.7 1.30062 3950 5750 1600 4800
362817 394.4 -15493.2 1.24033 6470 4440 1780 5170
363081 381.9 -15304.3 1.1932 3510 4810 1230 2790
363334 392.7 -15126.1 1.16488 3300 4660 1380 1470
363598 412.5 -14937.7 1.15248 4850 4910 3030 2910
363851 438.1 -14722.5 1.15543 2540 3160 3060 1210
364115 469.3 -14488.8 1.16627 2150 4610 4660 2330
364368 491.9 -14260.3 1.17117 760 1850 4270 1010
364632 492.4 -14010.1 1.16679 750 3420 3970 1020
364896 484 -13745.2 1.16377 750 3730 3760 1020
365149 482.6 -13453.5 1.20764 750 2580 3840 1020
365413 497.6 -13157.7 1.30118 780 3920 3800 1010
365666 522.5 -12862 1.38549 4280 4000 3380 1020
365930 540.1 -12539.2 1.44447 2120 4420 3350 4180
366194 549.1 -12216.9 1.46071 5900 3180 3070 4900
366447 556.7 -11879 1.49871 5750 3460 2780 4050
366711 557 -11588.5 1.56804 4470 6140 6010 4290
366964 545.1 -11354 1.63647 4560 3540 2700 4960
367228 519.3 -11137.5 1.67036 2300 4220 2790 2750
367481 480.5 -10934.3 1.69755 3610 5830 3500 5040
367745 443.3 -10766.2 1.75252 3350 5130 3020 4480
367998 440.5 -10635.2 1.81528 2790 4880 2960 4820
368262 464.9 -10489.2 1.89096 2860 3230 2930 5280
368526 485.4 -10352.6 1.9768 3530 4280 3180 6430
368779 501.4 -10267.6 2.08114 2110 4830 3650 6910
369043 520.6 -10228.9 2.199 3370 3790 3810 6250
369296 536.5 -10225.4 2.30247 2440 5010 4990 4630
369560 524.8 -10220.5 2.40653 3030 3520 3530 7200
369813 470.8 -10192.3 2.51628 1960 2870 3120 2630
370077 367.5 -10143.2 2.62793 1870 3930 4160 1430
370341 223.9 -10084 2.7149 1750 2620 2740 1520
370594 36.9 -10015.7 2.78748 1760 2880 4230 1600
370858 -183.5 -9939.5 2.82966 1740 3210 3620 1650
371122 -413.7 -9858.7 2.86484 1720 3070 3220 1710
371375 -674.7 -9768.3 2.92732 1680 2920 3070 1780
371639 -957.6 -9678.1 3.00927 1730 2860 2640 1820
371892 -1271.4 -9587.1 3.12628 1850 2160 2220 3540
372156 -1581.8 -9510 -3.06551 1940 2720 2790 4460
372420 -1880.9 -9447.5 -3.01009 2150 2640 2030 5950
372673 -2112 -9397.9 -2.9668 2160 2520 2160 6310
372937 -2278.5 -9355.6 -2.88964 2190 2390 2420 7030
373201 -2426.2 -9319.5 -2.77248 2060 1890 3550 4920
373454 -2546.3 -9290 -2.6541 1950 2140 2130 4350
373718 -2662.8 -9276 -2.55647 2630 1720 1720 5990
373971 -2788.3 -9276.7 -2.45994 2650 2060 2030 2920
374235 -2913.4 -9295.8 -2.36585 2740 5120 2000 6760
374488 -3062.4 -9346.8 -2.28157 3660 2070 1410 6670
374752 -3222.8 -9417.1 -2.19991 2980 5840 1510 4540
375005 -3340.6 -9440.3 -2.10974 3620 4450 3800 6500
375269 -3427.9 -9430.4 -2.00431 2300 4840 3320 3840
375533 -3481.8 -9416.1 -1.88872 1540 5750 5780 6450
375786 -3493.2 -9432.8 -1.79416 1440 3200 3250 5680
376050 -3465.3 -9522.1 -1.71654 1290 5750 3230 5200
376303 -3437.4 -9654.7 -1.67014 970 4350 4410 880
376567 -3407.9 -9838.6 -1.6192 900 3420 5440 900
376820 -3372.8 -10049.5 -1.56898 860 4520 4560 930
377084 -3327 -10306.6 -1.53515 850 4040 4080 930
377348 -3286.5 -10614.4 -1.52388 880 3210 3230 930
377601 -3309.3 -11002.8 -1.52554 1590 4450 4470 2980
377865 -3384.1 -11413.7 -1.53037 1820 1900 1930 5170
378118 -3446.1 -11806.9 -1.52997 1870 3040 4280 3760
378382 -3487.1 -12207.3 -1.53192 1370 4190 3420 6230
378635 -3504.6 -12584.4 -1.53499 1340 3360 2290 5290
378899 -3510.1 -12970.5 -1.53764 1110 3230 3260 3470
379163 -3503.1 -13333.1 -1.54109 5040 2810 2810 3360
379416 -3486.7 -13701.4 -1.53754 1930 2910 2570 3250
379680 -3459.2 -14057.7 -1.53296 2940 2310 2270 7310
379933 -3423.2 -14403.4 -1.5304 2840 2430 2040 4200
380197 -3390.3 -14760.1 -1.52846 1850 2480 1860 5120
380461 -3360.4 -15094.7 -1.52838 2570 2150 1810 5340
380714 -3318.5 -15441.6 -1.5277 2550 2160 1740 4430
380978 -3267.6 -15767.2 -1.48634 2570 2130 1670 5260
381231 -3209.4 -16062.3 -1.38545 2040 1990 1710 2140
381495 -3144.3 -16295.9 -1.2885 1500 1830 1780 1980
381748 -3072.3 -16463.7 -1.22586 1260 3400 1550 5560
382012 -2992.2 -16578.4 -1.16145 1220 3050 1520 4820
382276 -2914.8 -16642.4 -1.08784 1090 3250 1420 4670
382529 -2838.5 -16733.8 -0.988575 990 2590 1300 4780
382793 -2765.3 -16879.9 -0.882858 910 2680 1810 4260
383046 -2695 -17016.2 -0.781321 870 2870 1500 4300
383310 -2621.2 -17141.5 -0.666568 850 3020 2390 4240
383563 -2552.6 -17244.8 -0.566072 820 4460 2420 4300
383827 -2493.6 -17328.9 -0.489724 760 3060 2000 4300
384091 -2408.3 -17410.9 -0.421012 740 5130 1950 4280
384344 -2265 -17490.7 -0.330698 760 5420 1730 4280
384608 -2064.7 -17533 -0.243189 790 4130 1500 4870
384861 -1832.1 -17566 -0.162207 830 6650 1340 4440
385125 -1582.4 -17576.3 -0.10194 860 4060 2140 4530
385378 -1326 -17582.2 -0.088078 890 4010 1930 3460
385642 -1035.8 -17593.6 -0.0843755 870 5650 1980 3860
385906 -737 -17588.7 -0.0830541 910 2590 2120 4440
386159 -416.2 -17562.4 -0.0814021 950 4950 2980 4060
386423 -77 -17538.7 -0.065112 980 4440 3340 4030
386676 254.8 -17523.2 -0.0583793 1030 3370 2790 3980
386940 598.8 -17507.2 -0.0568243 1120 4680 5440 3940
387193 925.6 -17485.4 -0.0451057 1400 3760 3050 3900
387457 1264.6 -17464.5 -0.019851 1680 4360 2670 2720
387721 1587.4 -17443 0.0209963 1730 3960 3840 5560
387974 1913 -17414.5 0.0963785 1810 2160 2070 4200
388238 2203.1 -17377 0.193214 2380 3180 2790 3490
388491 2428.7 -17336.8 0.287134 2650 3750 3710 5240
388755 2578.2 -17299.8 0.384855 3870 2840 2770 4390
389008 2655.4 -17266.9 0.472403 3140 3610 3400 6940
389272 2720.8 -17204.3 0.549666 3920 2640 2250 4880
389536 2798.3 -17100.6 0.615228 2700 6020 1960 2850
389789 2905.8 -16961.7 0.748104 2210 5620 2670 3870
390053 3047 -16803.7 0.964166 1510 2210 1590 4490
390306 3210.2 -16621.4 1.19531 1360 2070 2320 4620
390570 3381 -16378.6 1.31202 1360 1900 4470 4920
390823 3526.9 -16090.7 1.31816 1510 1770 6650 2560
391087 3660.9 -15763.4 1.30751 1680 1550 5010 3560
391351 3762.6 -15494.8 1.33888 1280 1290 3840 4620
391604 3818.4 -15289 1.41554 1210 3190 5780 2390
391868 3833.1 -15113.4 1.5112 1280 4240 4240 1050
392121 3829.1 -14922.5 1.56942 1030 4590 2980 930
392385 3813.3 -14684.8 1.57285 910 5020 5050 850
392638 3791.7 -14442.5 1.55768 880 2660 4170 890
392902 3804.7 -14160.2 1.54928 860 2390 2430 910
393166 3866.4 -13865.3 1.5449 840 3580 3600 930
393419 3942.1 -13532.5 1.5396 850 3240 3260 960
393683 4013.2 -13178 1.54425 1050 3390 3350 1790
393947 4069.4 -12838.7 1.55368 3730 3030 2850 3440
394200 4113.3 -12495.7 1.55916 2660 2740 2750 4210
394453 4145.4 -12171.9 1.56132 2340 2540 2550 5890
394717 4172.4 -11835.8 1.56268 3560 2400 2380 5890
394981 4200.9 -11513.3 1.56728 1610 2310 2290 5890
395245 4226.8 -11179.9 1.57681 1820 2470 2220 7410
395498 4230.7 -10888.2 1.60073 2350 2850 2160 6590
395751 4217.3 -10650.5 1.64011 2390 3120 2130 4890
396015 4203.7 -10453 1.70153 2390 3630 2310 7160
396279 4189.8 -10324.6 1.77535 2010 4850 2380 4730
396532 4159.4 -10244.3 1.8866 1920 3970 2250 5580
396796 4107.2 -10181.5 2.01339 1810 4730 2230 4610
397049 4034.5 -10125.3 2.13015 1670 7250 2240 3650
397313 3935.6 -10052.7 2.22816 1580 4640 3430 1880
397577 3814.8 -9963.7 2.32573 1510 7240 2770 1910
397830 3672.1 -9867.7 2.41839 1350 6250 3430 1930
398094 3506.5 -9770.1 2.50437 1340 3160 3890 1960
398347 3284.9 -9666.1 2.59363 1320 4830 6400 2990
398611 3008.3 -9570.2 2.67254 1430 5470 5110 7490
398875 2714.5 -9492.5 2.74875 4580 4100 3650 6540
399128 2391 -9438.6 2.84286 1900 5380 3350 4750
399392 2064.7 -9398.6 2.9406 1700 3380 3490 6390
399645 1726.6 -9354.4 3.03509 1600 4630 4910 5940
399909 1386 -9313.9 3.09527 1650 4020 4080 3160
400162 1053.5 -9296.2 3.09212 1730 3000 3100 1580
400426 706.3 -9310 3.0846 1810 3630 3660 1530
400690 358.2 -9357.2 3.10054 2470 2460 3230 1460
400943 -15.1 -9434.8 3.13409 2180 2090 2900 1390
401196 -393 -9519 -3.1036 3030 2130 2560 6090
401460 -739.9 -9589.8 -3.00832 2990 2360 2360 5660
401724 -1106.9 -9655.3 -2.86403 2850 3760 1850 4900
401977 -1447.3 -9714.9 -2.72414 3660 4810 2010 6850
402241 -1788.4 -9788.4 -2.59624 3350 5170 1550 4190
402494 -2095.5 -9869.2 -2.49124 2970 5930 1680 4980
402758 -2365 -9939.3 -2.38874 3210 3240 3280 5690
403011 -2569.6 -9979.8 -2.27135 1290 4060 6680 2560
403275 -2743.7 -10022.9 -2.14755 1090 5900 4620 6340
403539 -2911.7 -10089.3 -2.02562 930 5150 4170 3720
403792 -3088.4 -10201.7 -1.9392 680 4320 4370 2860
404056 -3260.1 -10351.5 -1.87275 670 4250 3180 1130
404309 -3414 -10509.6 -1.79034 700 5290 3290 1090
404573 -3552.3 -10680.4 -1.70157 730 5380 5740 1010
404826 -3636.3 -10843.6 -1.63844 730 4460 4670 1060
405090 -3658 -11046.8 -1.6024 740 5430 5430 960
405354 -3642.4 -11290.3 -1.59521 900 4200 4230 1200
405607 -3621.9 -11563.9 -1.60474 1680 3680 3710 1300
405871 -3601.8 -11869.8 -1.61082 1410 4310 4340 1980
406135 -3592.3 -12186.5 -1.60479 1730 3250 3280 5930
406388 -3602.8 -12537.5 -1.60165 1120 3570 3600 3340
406641 -3609 -12879.2 -1.62186 1060 3140 3170 6430
406905 -3605.3 -13240.1 -1.64083 4660 2820 2850 4660
407158 -3598.2 -13598.8 -1.64293 3380 2620 2680 4460
407422 -3592 -13984.3 -1.63035 5980 2370 2430 4800
407686 -3599 -14370.8 -1.62071 5100 2170 2250 3620
407939 -3600 -14734.6 -1.63394 3300 2020 2110 3820
408203 -3583.6 -15096.8 -1.68251 4930 1900 2010 2860
408456 -3552.2 -15421.5 -1.74068 1890 1810 1910 2790
408720 -3519 -15691.2 -1.80419 5720 2020 2520 2040
408984 -3515.9 -15906.1 -1.88259 3420 2110 2900 1710
409237 -3558.7 -16078.8 -1.95656 3490 2040 2990 1600
409501 -3607.5 -16206.8 -2.04278 3850 1920 3320 1500
409754 -3638.8 -16312 -2.16006 3460 2270 2800 1420
410018 -3656.3 -16399.3 -2.28849 3860 2010 3110 1350
410282 -3668.9 -16475.8 -2.41063 3470 2900 2620 1280
410535 -3692 -16550.2 -2.51393 3220 2760 6890 1220
410799 -3750.5 -16621.8 -2.59344 3970 2250 4310 1170
411052 -3853.8 -16681.7 -2.70366 4000 2110 4320 1140
411316 -3975.9 -16733.8 -2.8414 3160 2190 6040 1080
411580 -4086.2 -16782.8 -2.9651 2060 1810 3020 1010
411833 -4212 -16840.7 -3.05507 2040 1790 5120 1040
412097 -4370.2 -16893.2 -3.11438 2040 4950 5490 1130
412350 -4570.9 -16929.4 3.10122 2010 5430 4150 1160
412614 -4786.1 -16962.5 3.06247 2030 6620 6640 1170
412878 -4999.4 -17004.2 3.06624 2000 4050 4090 1180
413131 -5231.1 -17021 3.08455 2000 4040 4060 1140
413395 -5458.8 -16977.3 3.08696 1990 5680 5720 1130
413659 -5705.4 -16925.8 3.07235 1970 2630 2670 1150
413912 -5948 -16907.2 3.05707 1920 4730 4790 1190
414176 -6194.5 -16898.1 3.05662 1900 5140 5170 1220
414429 -6498.3 -16882.4 3.06681 1890 6400 3840 1230
414693 -6821.2 -16878.9 3.06959 1880 5420 5450 1280
414946 -7167.5 -16862.3 3.07673 1870 2360 2400 1330
415210 -7515.8 -16818.4 3.07927 1820 4460 4490 1350
415474 -7846.5 -16774.6 3.0754 1780 5260 4940 1390
415727 -8203.6 -16743.5 3.0728 1810 2180 2220 1400
415991 -8588.5 -16732.7 3.07165 1690 4630 4590 1410
416244 -8980.5 -16718.8 3.0779 1780 2820 2760 1410
416508 -9401.2 -16682.7 3.08282 1640 2560 2450 1410
416761 -9809.2 -16641.4 3.09367 1800 3580 3670 1400
417025 -10222.2 -16608.4 3.10082 1790 1870 1920 1400
417289 -10600.4 -16593.2 3.09315 1770 2310 2270 1430
417542 -10981 -16579.3 3.08356 1750 2840 2980 1470
417806 -11355.3 -16560.2 3.08215 1710 3290 1910 1490
418059 -11702.3 -16554.2 3.07733 1670 3940 3970 1540
418323 -12060.9 -16550.2 3.07335 1660 3270 2150 1550
418587 -12404 -16525.3 3.07065 1270 3160 3020 1210
418840 -12764 -16490 3.06371 1410 2670 2690 1270
419104 -13124.6 -16447.7 3.06536 1260 2400 2220 1340
419368 -13518.1 -16396.3 3.08755 880 2100 2000 600
419621 -13912.3 -16355.5 3.1069 1230 1870 1900 1000
419874 -14287 -16351.1 3.09852 1560 1730 1760 1110
420138 -14684.3 -16368.8 3.09421 970 1620 1660 900
420402 -15056.8 -16394.3 3.09684 1630 1530 1560 1470
420655 -15396.5 -16415.7 3.10724 1060 1410 1450 1510
420908 -15656.6 -16405.5 3.10679 2900 1290 1320 1610
421172 -15829.2 -16372.1 3.08395 2720 1180 1190 2290
421436 -15944.9 -16345.9 3.06933 1730 1030 1040 2120
421700 -16032.3 -16339.3 3.07152 1650 970 930 1660
421953 -16139.8 -16355.2 3.07686 1300 1480 920 1660
422206 -16262.1 -16388.2 3.08975 1250 1510 1230 1650
422470 -16381.2 -16417.7 -3.11827 1070 3380 1550 1650
422734 -16528.1 -16425.7 -2.97896 1050 2600 1570 1660
422998 -16655.2 -16423.3 -2.8152 1020 4410 1490 1670
423251 -16696.7 -16416.2 -2.6442 910 3080 1400 4020
423515 -16671.6 -16406.9 -2.4701 850 3380 4130 7250
423768 -16618.8 -16400.1 -2.30369 810 2600 3160 1210
424032 -16574.2 -16391.9 -2.14376 730 3720 3950 1130
424285 -16554.2 -16399.4 -2.00505 650 2470 2970 1230
424549 -16579.8 -16478.3 -1.90257 610 3090 2360 1300
424802 -16654.2 -16651.8 -1.80397 560 2350 3460 1310
425066 -16768.5 -16898.5 -1.73256 570 1440 1970 1260
425330 -16882.3 -17098.5 -1.70354 690 1510 2260 1090
425583 -16968.3 -17208 -1.70048 780 1550 2650 1020
425847 -17029.5 -17283.7 -1.63527 760 1600 1740 1020
426100 -17052.7 -17390.8 -1.48664 720 1880 1980 1070
426364 -17034.3 -17571 -1.37764 2260 1760 1780 1120
426617 -16971.1 -17817.9 -1.35714 1890 1180 1190 1170
426881 -16872.8 -18131.8 -1.38362 1410 1600 1620 1210
427145 -16829.3 -18486 -1.43229 1630 1580 1360 1200
427398 -16880.3 -18877.2 -1.47389 1720 1490 1240 1160
427662 -16944.7 -19137.4 -1.49436 1980 1380 1450 1180
427915 -16999.6 -19240.4 -1.50322 1770 1270 1380 1370
428179 -17046.9 -19295.9 -1.50655 1580 1210 1330 1240
428443 -17078.1 -19334.9 -1.52299 5040 1290 1850 1420
428696 -17067.6 -19386.1 -1.6008 1570 1340 2160 1140
428960 -17040.4 -19481.7 -1.75938 2120 2050 2150 1070
429213 -17021 -19597.5 -1.97857 2250 1940 2060 980
429477 -17001.3 -19676.6 -2.17359 1810 1750 1870 840
429730 -16986.9 -19734.8 -2.3332 1320 1520 1860 710
429994 -16980.2 -19778.3 -2.53709 1750 1310 2140 570
430258 -16974.6 -19801 -2.73456 1220 1410 1890 460
430511 -17023 -19852.6 -2.86476 1210 1520 2750 500
430775 -17139.8 -19945.2 -2.92787 1200 1110 5610 560
431028 -17299.4 -20065.9 -2.99727 1200 2970 3670 550
431292 -17489.1 -20209.1 -3.12591 1210 5750 5710 460
431545 -17662.7 -20323.6 3.06152 1140 6100 6100 360
431809 -17855.6 -20386.6 3.00781 650 7470 7360 400
