227968 -19984.5 -20037.4 -0.0105929 920 3800 2270 370
228232 -19971.7 -20040 -0.0215601 900 4980 1810 370
228485 -20019.6 -19995.3 -0.0410047 890 5650 3990 370
228749 -20063.2 -19925.1 -0.052088 910 3670 2740 320
229002 -20033.1 -19854.2 -0.0514519 920 2430 3820 260
229266 -19965.4 -19767.5 -0.0627832 880 3560 3620 350
229519 -19873.4 -19710 -0.068163 860 2200 2250 430
229783 -19758.2 -19714.1 -0.0474156 870 2540 2610 550
230047 -19655.9 -19720.7 -0.0421973 980 3050 3110 670
230300 -19578.6 -19696.8 -0.0635824 1030 2850 2250 670
230564 -19494.1 -19653.6 -0.0987121 1090 2540 2620 660
230817 -19380.4 -19685.4 -0.0927618 1050 2310 1810 650
231081 -19201.7 -19752.5 -0.0598461 1040 1860 1940 1350
231334 -19003.2 -19794.4 -0.0415109 1080 1600 1660 2070
231598 -18790.8 -19820.4 -0.0301312 1080 1600 1660 2070
231862 -18573.4 -19828.7 -0.0190033 1070 1390 1450 2070
232115 -18328.2 -19825 -0.0224546 1070 1440 1550 3170
232379 -18073.9 -19814.7 -0.0278489 1060 900 1460 2140
232632 -17840.1 -19804.8 -0.0239774 1080 1340 1390 1760
232896 -17638 -19792.1 -0.0229328 1110 1300 820 2110
233149 -17486.1 -19778.2 -0.0070222 1170 1550 1190 2080
233413 -17364.4 -19765.7 0.00402039 1360 2010 1080 2620
233666 -17292.5 -19769.1 0.00770996 1260 1690 1050 1680
233930 -17252 -19779.5 0.020215 970 1950 2640 2170
234183 -17230.8 -19764.4 0.0942286 1180 1950 1970 3490
234447 -17201 -19738.6 0.217062 1050 1950 1940 2770
234700 -17133 -19687.1 0.369621 920 2450 1820 2300
234964 -17045.7 -19653.3 0.50694 760 2750 1700 2320
235228 -16970.7 -19637.2 0.659722 690 2870 1500 1540
235481 -16944.7 -19630.1 0.796767 620 2680 1240 1160
235745 -16935.8 -19629.2 0.94024 560 2340 1240 1210
235998 -16925.3 -19618.7 1.08296 520 3930 1390 1240
236262 -16885.1 -19553.1 1.22503 510 3490 3510 1270
236515 -16821 -19436.1 1.35655 500 2740 3450 1270
236779 -16764 -19255.5 1.45767 570 3050 2620 1220
237032 -16671 -19032.7 1.5061 640 2330 2310 1210
237296 -16527.5 -18744 1.53119 640 2550 2780 1150
237560 -16442.5 -18460.5 1.57327 5070 2000 2350 1220
237813 -16417 -18202.4 1.6151 3800 2180 2250 1160
238077 -16435.4 -17955.4 1.6607 5370 1920 2100 1080
238330 -16500.8 -17769.6 1.69589 3760 2380 1980 1000
238594 -16572.7 -17550.2 1.70175 5800 2210 2020 950
238858 -16627.4 -17300.2 1.70676 6080 1620 1760 930
239111 -16674.6 -17038 1.71433 4710 1520 1880 900
239375 -16718.7 -16853.2 1.72371 7220 2430 1810 890
239628 -16754.8 -16721.3 1.7297 4600 3420 1760 900
239892 -16799.1 -16614.3 1.7071 7140 2700 1710 930
240156 -16863.7 -16508.7 1.68196 6180 3350 1520 950
240409 -16924.6 -16408.5 1.65768 3040 2950 1370 970
240673 -16971 -16308.6 1.61915 5080 2050 1700 980
240937 -16985.2 -16206.9 1.5443 2910 1740 1310 1130
241190 -16970.7 -16119.7 1.48907 2230 1720 1770 1490
241454 -16946.4 -16057.1 1.45477 1560 1700 1790 1510
241707 -16925.3 -16026.7 1.40923 1660 1690 1930 1690
241971 -16903.8 -16024.5 1.33479 1700 1660 6020 2420
242224 -16895.1 -16043.9 1.22961 1820 3050 3390 3550
242488 -16892.7 -16064 1.09517 1610 3270 3310 1590
242741 -16882 -16071.9 0.934557 1710 4880 4920 1490
243005 -16856.1 -16063.1 0.768477 1600 4410 4460 1440
243269 -16816.1 -16046.5 0.611494 1410 5620 3900 1110
243522 -16762.3 -16019.8 0.46007 760 4170 4190 720
243786 -16697.4 -15994 0.300424 970 4540 2860 1510
244039 -16595.9 -15982.6 0.163051 1500 5300 5990 1640
244303 -16429.9 -15991.2 0.0512768 1570 5290 4860 1640
244556 -16236.5 -16009 -0.0261869 1240 5270 5670 1640
244820 -16011.6 -16022.4 -0.085943 1330 5180 4510 1310
245073 -15766.3 -16033.2 -0.126664 1640 3780 4000 1580
245337 -15486.1 -16043.3 -0.136826 1280 6550 5120 1530
245590 -15192 -16040.6 -0.15972 1730 3400 3440 1480
245854 -14904.9 -16025.9 -0.178863 1760 7170 4830 1450
246118 -14614.5 -16001.7 -0.17794 1270 3700 3480 1440
246371 -14354.2 -15975.3 -0.168155 270 4600 3930 1450
246635 -14104.4 -15918.7 -0.155292 640 4600 3900 1440
246888 -13857.5 -15864.4 -0.155222 1770 2010 2820 1430
247152 -13568.8 -15803.2 -0.164027 1300 5530 3030 1410
247405 -13299.7 -15744.7 -0.174604 1810 5210 3130 1360
247669 -13034.6 -15713.7 -0.171818 1780 4110 3200 1440
247933 -12748.1 -15693.8 -0.150363 1730 7100 5370 1510
248186 -12451.9 -15680.5 -0.0884619 1710 3740 3790 1530
248450 -12151.5 -15662.3 -0.0158636 1710 3410 3460 1460
248703 -11857.9 -15623.8 0.0208349 1750 6350 4390 1440
248967 -11555.3 -15560.7 0.0217492 1780 2940 3030 1410
249220 -11267 -15562.8 0.0186651 1770 5350 3210 1330
249484 -10968.3 -15599.7 0.0199341 1760 3750 3390 1370
249748 -10677.3 -15635.8 0.0196514 1750 3030 3130 1380
250001 -10369.5 -15632 0.0191695 1740 6780 4460 1390
250265 -10037.1 -15599.1 0.0129924 1740 4090 3180 1360
250518 -9708.2 -15545.6 0.00677709 1790 4040 2710 1280
250782 -9350.5 -15485.2 0.0092768 1840 5730 4620 1330
251046 -8972.9 -15447.1 0.0101983 1840 2660 2690 1330
251299 -8584.4 -15448.3 0.0137965 1760 4620 3960 1320
251563 -8258.2 -15437.7 0.0127614 1760 5090 4480 1320
251816 -7935.9 -15415.2 0.0128014 1800 3880 3750 2000
252080 -7599.3 -15379.2 0.0110663 1810 6370 6390 3210
252333 -7252.5 -15336.6 0.00927922 1800 2880 3350 3210
252597 -6880.7 -15318.4 0.00711242 1750 3660 3090 3210
252861 -6523.7 -15319.4 0.00573615 1720 4430 4260 2700
253114 -6181.9 -15312.5 0.00378483 1700 2170 2220 3270
253378 -5831.5 -15300.6 -0.000915738 1680 4260 4290 2720
253631 -5500.2 -15298 -0.00634236 1670 4690 3520 3320
253895 -5156.1 -15315.1 -0.0116763 1670 3400 2240 3310
254159 -4816.5 -15325.1 -0.0127311 1660 3470 5130 2730
254412 -4486.3 -15326.2 -0.0108169 1720 2130 2160 3230
254676 -4168.5 -15357.7 -0.00818992 1750 4230 4240 2630
254929 -3791.5 -15389 -0.0100162 1780 4500 4530 3210
255193 -3418.8 -15392.9 -0.0109463 1620 4860 3150 3220
255446 -3010.1 -15352.3 -0.00720406 1780 3050 5640 3190
255710 -2516.7 -15272.8 -0.00477165 1800 3500 3480 3180
255974 -2027.7 -15182.4 -0.00158958 1380 4540 1830 3210
256227 -1440.6 -15092.7 0.00263299 1350 3910 3210 2470
256491 -884 -15037.9 0.0118935 1500 3450 3120 3310
256744 -363.6 -14991.6 0.00554419 1330 5300 2990 2890
257008 189.1 -14895.6 -0.0477036 1580 3870 3920 3400
257272 637.9 -14789 -0.0658686 1320 4250 4300 3300
257525 1018.3 -14740.7 -0.0311756 1180 6300 4800 3300
257789 1408.8 -14749.2 0.00412468 1720 4970 3970 3210
258042 1823.3 -14774.7 0.0188946 1740 4950 7500 3120
258306 2230.5 -14781.6 0.0232502 1650 4750 4430 2670
258570 2606.9 -14770.2 0.0311221 1810 4680 4710 3000
258823 2969.9 -14730.8 0.0334404 1820 6290 6330 2360
259087 3295.3 -14691.8 0.023927 1810 3300 3350 1260
259340 3538.2 -14605.8 0.0149851 1810 5480 5520 1290
259604 3762.1 -14536 0.0145208 1110 5980 6020 830
259857 4287.3 -14455.4 0.0192868 1840 4680 4720 1310
260121 4728 -14385.5 0.0294786 1840 7170 7210 1310
260374 5035.1 -14354.7 0.0293034 1820 3240 3280 1320
260638 5499.1 -14353.2 0.0252613 1800 5290 5330 1230
260902 5994.4 -14276.9 0.0304967 1780 4790 6020 1370
261155 6436.1 -14271.3 0.0295904 1800 2890 2920 1360
261419 6956.9 -14230.4 0.0266966 1790 4550 6730 1330
261672 7512.5 -14176.8 0.0227703 1810 3230 4130 1340
261936 7917.6 -14114.6 0.0241557 1800 2790 4110 1340
262200 8221.7 -14156 0.024361 1800 5710 5520 1370
262453 8562.9 -14130.3 0.0286455 1790 2680 2720 1380
262717 8977 -14145.6 0.0266293 1790 4710 4260 1370
262970 9463.2 -14133.2 0.0208325 1780 3790 4540 1360
263234 9910.3 -14139.6 0.0192344 1730 2850 3350 1350
263498 10292.9 -14167.3 0.017207 1730 6110 4240 1400
263751 10683.6 -14185 0.0168844 1740 2680 2710 1410
264015 11086.7 -14183.9 0.0147295 1650 3550 2250 1420
264268 11443.6 -14162.1 0.0183029 1740 3210 3240 1430
264532 11777.1 -14169.7 0.0224236 1730 1930 3230 1430
264785 12100 -14171.2 0.0194982 1720 2010 2040 1450
265049 12458.7 -14228.1 0.0186032 1700 4600 2590 1440
265313 12748.1 -14264.2 0.0173728 1650 3300 2320 1440
265566 13054.1 -14252.3 0.0148351 1570 5090 5130 1130
265830 13414.1 -14240.2 0.00956197 1740 2800 2860 1410
266083 13892.6 -14205.1 0.00690021 1500 4370 3780 1310
266347 14407.7 -14194.7 0.0101795 1730 4020 3700 1410
266611 14759.1 -14202.3 0.00966084 1690 1790 1830 1440
266864 14953.8 -14150.1 0.0123167 1670 3360 3380 1400
267128 15390.1 -14112.7 0.0123006 1610 2950 2980 1420
267381 15805.8 -14102.9 0.0156345 2460 2700 1930 1330
267645 16179.3 -14098.4 0.0114275 2830 2410 2420 2540
267898 16715.6 -14140.5 0.0103206 3860 2060 2060 3500
268162 17203.7 -14185.1 0.0128253 1340 1810 1780 3470
268415 17700.5 -14223.7 0.0055694 1860 1660 1670 3450
268679 18191.9 -14273.8 0.000823568 1450 1610 1670 2400
268943 18666.8 -14301.1 0.0119391 3800 1570 1520 3360
269196 19082.7 -14297.2 0.0214647 4160 1460 1490 3390
269460 19419.5 -14280.3 0.023264 3110 1410 1060 3440
269713 19695.4 -14257.5 0.0189457 3620 1400 1360 3480
269977 19899.7 -14228.4 0.0182519 4700 1410 1370 3600
270230 20108.6 -14187 0.0166701 5320 1380 1370 3370
270494 20394.4 -14252.1 0.0173459 5900 1410 1330 3940
270758 20766.1 -14428.1 0.0240238 3540 1830 1320 3510
271011 21001.8 -14571.7 0.0623009 1410 1960 1240 4040
271275 21244 -14729.5 0.155758 1350 1740 1190 4970
271528 21353.4 -14753.8 0.270976 1240 1800 1150 4310
271792 21447.9 -14797.2 0.389332 1110 1710 1180 4950
272045 21510.3 -14780.6 0.493961 980 1650 1340 3620
272309 21555.1 -14715.2 0.594337 920 4980 1390 4910
272573 21607.1 -14655.6 0.682466 800 3450 1260 6090
272826 21599.9 -14555.8 0.774549 740 5300 1430 4750
273090 21637 -14513.3 0.875906 700 4510 1270 7260
273343 21761.7 -14432.8 0.970449 670 3420 1140 4580
273607 21864.7 -14338.9 1.06559 770 4700 970 3920
273871 21938.8 -14253 1.15411 690 3110 3130 2340
274124 21977 -14161.5 1.2519 600 2710 2680 1990
274388 22014.6 -14031.7 1.32795 560 5440 2490 1990
274641 22058.9 -13840.4 1.34805 580 2450 1360 1980
274905 22101.5 -13578.5 1.3257 620 6270 1860 1940
275158 22143.1 -13255.6 1.31168 690 4950 2670 1870
275422 22216.9 -12902.5 1.34557 770 5390 1990 1780
275686 22333.5 -12600 1.46117 810 3670 2140 1650
275939 22365.2 -12247.6 1.57866 910 1970 3560 1550
276203 22269.3 -11866.5 1.60021 1050 5920 2460 1510
276456 22169.2 -11496.5 1.61817 1050 5920 2460 1510
276720 22038.3 -11094.2 1.62383 1050 5920 2460 1510
276973 21907 -10713.5 1.61274 1050 5920 2460 1500
277237 21774.2 -10329 1.60122 1080 3420 2130 1470
277501 21670.3 -9981.4 1.5963 1020 3500 2160 1450
277754 21583.1 -9645.9 1.59744 1050 3520 5100 1440
278018 21543.7 -9330.8 1.59746 1090 2150 2190 1390
278271 21522.4 -9045.9 1.59375 1120 5190 4270 1350
278535 21496.8 -8757.4 1.5911 1160 4620 4650 1320
278788 21469.2 -8501.6 1.59009 1200 3250 3280 1270
279052 21449.5 -8210.5 1.58991 1250 5710 5550 1230
279316 21413.7 -7870.5 1.59174 1350 3020 2490 1130
279569 21374.1 -7539.2 1.59454 1390 2950 2050 1110
279833 21330.7 -7230.6 1.59908 1410 4570 3200 1140
280086 21276.6 -6924.1 1.60387 1420 4110 1580 1110
280350 21204 -6611.5 1.60719 1310 5390 3650 1090
280614 21130.9 -6320.2 1.6095 1480 4000 3250 1070
280867 21058.1 -5984.6 1.6139 1280 4380 3290 1070
281131 20998 -5667.4 1.61335 1460 3870 2930 1090
281384 20962.9 -5243 1.61118 1440 3450 3480 1100
281648 20928.2 -4861.4 1.60797 1120 5170 5220 1120
281901 20896.4 -4365.7 1.60845 1230 4300 4340 1130
282165 20847.5 -3938.5 1.60715 1390 3860 3900 1130
282429 20840 -3588.5 1.60508 1170 5140 5180 1130
282682 20835.1 -3245.1 1.5992 1390 3910 3940 1130
282946 20838.8 -2994.7 1.58903 1420 4360 4390 1110
283199 20821.8 -2703 1.58193 1450 5260 5260 1100
283463 20804.9 -2388.3 1.58451 1450 5200 4330 1090
283716 20783.1 -2003 1.58676 1460 7620 5140 1080
283980 20763.3 -1531.2 1.59028 1450 4950 4310 1100
284244 20747 -1155.1 1.60277 1430 4890 3910 1110
284497 20721.9 -670.2 1.60792 1430 4790 4800 1120
284761 20692.3 -123.9 1.60528 1430 4740 3930 1120
285014 20649.2 486 1.60945 1440 4160 7350 1120
285278 20621.4 917.2 1.6169 1410 4660 3030 1140
285542 20613.3 1435.9 1.61535 1380 4630 2740 1110
285795 20610.6 1950.7 1.60675 1340 6290 2900 1160
286059 20603.3 2007.2 1.60273 1300 3210 2340 1260
286323 20589.8 1639.8 1.60285 1290 5310 2260 1270
286576 20583.3 1253.1 1.60553 1290 5730 4670 1270
286829 20588.9 1302.3 1.60427 1310 4380 4420 1260
287093 20595 1553.9 1.66418 1340 6810 6850 1220
287357 20588.8 1877.3 1.74185 1370 4170 4200 1180
287610 20577.4 2262.6 1.74328 1390 4100 4120 1160
287874 20521.5 2767.6 1.73989 1380 5720 5760 1180
288127 20477.6 3111 1.74884 1350 2650 2660 1210
288391 20445.3 3394.9 1.74276 1330 6430 4730 1220
288644 20400.8 3655.8 1.69647 1350 3730 4980 1210
288908 20354 3930.1 1.66002 1370 2800 5350 1190
289161 20313.6 4220.7 1.65353 1400 6140 6170 1170
289425 20304.4 4512.7 1.66365 1400 5350 3710 1160
289689 20308.9 4786.8 1.66858 1390 3720 3760 1170
289942 20302.4 5055 1.65564 1380 4930 4810 1180
290206 20293 5338.1 1.62981 1380 2310 2340 1190
290459 20263.6 5625.4 1.61798 1390 3200 3650 1180
290723 20191.9 5917 1.62222 1390 4650 4020 1170
290976 20140.9 6146.4 1.6265 1390 5910 2680 1180
291240 20141.1 6422.6 1.62908 1390 4480 1940 1150
291504 20128.2 6713.2 1.62987 1390 5120 2000 1130
291757 20105.5 7021.6 1.62124 1370 3200 2060 1190
292021 20077.1 7321.3 1.58849 1340 4400 4370 1220
292274 20059.6 7602.9 1.57379 1300 3050 2230 1260
292538 20049.4 7891.4 1.57803 1240 5580 5580 1280
292802 20033.9 8163.3 1.58455 1280 4660 2940 1280
293055 20013.4 8436.4 1.58502 1290 5480 2900 1150
293319 20018 8688.1 1.58018 1320 4510 4550 1240
293572 20041 8962.3 1.57724 1350 4040 4090 1210
293836 20052.3 9268.1 1.57997 1220 5280 5310 1080
294089 20059.7 9564.6 1.58139 1370 3890 3930 1190
294353 20055.5 9878.1 1.58108 1120 4260 4960 1180
294617 20043.7 10175 1.58165 1370 6280 6350 1190
294870 20001.4 10500.9 1.58242 1350 5010 5040 1200
295134 19965.9 10836.7 1.5847 990 7570 7590 1210
295387 19937.8 11158.3 1.58532 1100 4960 4980 1190
295651 19921.3 11489.7 1.58563 1390 4900 4920 1170
295915 19895.6 11788.6 1.58812 1410 6500 6520 1160
296168 19882.6 12116.4 1.58888 1400 4640 4690 1170
296432 19863.8 12486.5 1.5914 1380 5440 5480 1180
296685 19834.4 12900.9 1.59361 1370 5750 5790 1190
296949 19799.8 13350.3 1.59179 1370 4380 4420 1190
297202 19752.3 13738.4 1.58961 1380 6880 3800 1190
297466 19707.5 14147 1.59039 1380 5970 4280 1180
297730 19676.5 14568.8 1.59142 1390 6790 4230 1180
297983 19675.1 14981.1 1.58706 1390 5780 5410 1170
298247 19665.7 15346.7 1.58488 1390 2680 2720 1170
298500 19650.6 15703 1.5847 1390 4740 4780 1170
298764 19628.4 16050.4 1.58351 1420 5080 5100 1140
299028 19598.6 16320.2 1.58462 1430 3730 3780 1130
299281 19567.1 16589.8 1.58733 1440 6250 6280 1120
299545 19558.3 16860.9 1.58751 1450 3600 5460 1110
299798 19565.2 17127.8 1.58545 1450 3550 3580 1110
300062 19588 17413.8 1.58437 1440 4930 4790 1120
300326 19680 17573.8 1.58216 1430 3690 3610 1140
300579 19721.7 17763.5 1.58428 1430 6240 5450 1140
300832 19713.8 18064.9 1.58761 1450 3610 3010 1120
301096 19699.1 18384.5 1.58665 1460 5930 4150 1090
301360 19687.6 18715.9 1.58511 1510 5500 3820 1060
301613 19750.4 18988.9 1.57942 1540 750 770 1020
301877 19683 19514.7 1.57604 1560 690 690 1000
302130 19557.7 20008.7 1.58092 1570 2350 2800 990
302394 19420.2 20480.7 1.5904 1580 2910 4280 940
302647 19284.4 20925.5 1.59358 1480 4510 4690 910
302911 19142.4 21359.3 1.59638 2040 2610 4440 930
303164 19039.8 21677.4 1.60272 2630 4320 2510 980
303428 18947.8 21906.7 1.60328 2070 3800 3290 2640
303681 18878.1 22080.8 1.5935 4320 3390 3450 5100
303945 18773.1 22243.6 1.52014 3200 4240 2720 3060
304209 18745.9 22384.9 1.36219 5910 3370 2620 4010
304462 18754.7 22516.2 1.2353 4970 2630 2560 2610
304726 18806.1 22685.3 1.15605 5770 2550 2490 2200
304979 18817 22877.1 1.08853 4770 2410 2400 3510
305243 18802.2 23073.5 0.9982 450 2340 2330 3610
305507 18758.3 23200.2 0.884881 3820 2250 2270 3520
305760 18724.4 23315.4 0.742431 2990 2240 2270 3230
306024 18747.8 23394.6 0.615048 5330 2330 2390 3260
306277 18803.8 23432.7 0.50407 5440 2240 2440 3580
306541 18879.2 23382.5 0.416333 2800 2240 2310 3390
306805 18950.6 23405.3 0.323985 5850 2300 2390 3730
307058 18997.6 23442.9 0.198937 3850 2030 2100 3770
307322 19007.9 23501.5 0.064308 4230 2170 2330 3080
307575 18976.1 23558.6 -0.0654485 6340 1970 2040 2090
307839 18927 23552.8 -0.189412 5610 2020 5170 1670
308092 18936 23511.2 -0.298041 1600 5510 4840 1990
308356 19007.4 23462.2 -0.397919 1570 4170 3790 1980
308609 19116.3 23412.5 -0.497371 1580 6600 6640 1960
308873 19244.2 23345.4 -0.640302 1620 5670 3140 1930
309126 19314.9 23309.6 -0.824307 1630 3900 3930 1900
309390 19333.9 23314.3 -1.00798 1650 5540 5580 1880
309654 19322.3 23355.3 -1.17997 1650 2500 2530 1410
309907 19323.4 23366.8 -1.31279 1610 4540 4580 940
310171 19355 23301.8 -1.42376 1580 4870 4930 990
310424 19392.3 23174.3 -1.52161 1560 3520 5300 1000
310688 19438.2 22987.4 -1.55181 1550 6030 6080 1010
310941 19484.1 22771.6 -1.53543 1550 3600 2760 1000
311205 19508.9 22513.8 -1.51225 1600 3640 6550 950
311469 19509.1 22241.8 -1.50032 1640 1130 6920 920
311722 19518.6 21952.9 -1.50106 1640 1770 6120 910
311986 19534.1 21622.8 -1.50258 1690 4570 4600 870
312239 19566 21289.9 -1.50035 1710 5010 5060 860
312503 19617.3 20936.7 -1.51254 1720 3760 3790 840
312767 19679.5 20591.2 -1.52461 1710 6310 6370 850
313020 19753.5 20248.3 -1.50263 1680 2840 5430 880
313284 19831.3 19911.3 -1.47831 1640 3630 3660 920
313537 19914.4 19584.4 -1.46946 1600 5310 5350 960
313801 19973.5 19273.5 -1.46982 1570 2260 2300 990
314054 20021 18981.4 -1.50614 1550 4410 4060 1010
314318 20049.1 18695.4 -1.52209 1520 3410 2740 1030
314582 20049 18416.4 -1.51567 1490 3360 2680 1040
314835 20039.3 18142.3 -1.51348 1510 5860 3350 1020
315099 20032.8 17865.3 -1.51077 1560 4510 1740 990
315352 20030.8 17576.1 -1.50557 1610 5680 1950 960
315616 20054.3 17172.2 -1.4921 1640 4240 4260 930
315869 20083.7 16829 -1.48645 1650 2890 4620 910
316133 20137.7 16459.7 -1.49547 1310 5350 5400 920
316386 20203.4 16142.3 -1.50149 1630 3640 3680 930
316650 20277.5 15819.2 -1.49994 1610 5370 2880 940
316914 20355.7 15488.5 -1.49345 1470 4640 4690 950
317167 20428.9 15159.7 -1.48405 1590 4200 4250 970
317431 20492.1 14790 -1.4766 1550 5430 2940 940
317684 20523.9 14455.1 -1.48305 1520 4010 4050 1020
317948 20548.9 14107.8 -1.50139 1490 4370 5400 1000
318212 20566.5 13753.6 -1.4938 1500 6370 5150 1080
318465 20593.9 13350.1 -1.48901 1510 5000 4190 1060
318729 20621.4 12967.7 -1.49349 1530 7430 7460 1030
318982 20623.7 12577.9 -1.49687 1550 4830 4860 1010
319246 20609.9 12258.8 -1.50064 1560 4800 4850 1000
319510 20618.4 11935.4 -1.50766 1560 6500 4420 800
319763 20661.1 11545.4 -1.52367 1530 3450 3500 1020
320027 20725.7 11145.9 -1.52177 1480 5590 3100 1030
320280 20806.5 10670.4 -1.50437 1480 4010 5980 1050
320544 20900.8 10119.5 -1.49264 1490 2740 3980 1070
320797 20987.1 9562.6 -1.48832 1460 2810 2910 1100
321061 21054.4 8988.4 -1.49065 1430 2930 4530 1130
321314 21100.9 8405.8 -1.50141 1420 2320 7070 1140
321578 21099.7 8176.7 -1.5128 1420 4670 6280 1140
321842 21125 7851.1 -1.51311 1430 4540 4570 1120
322095 21143.7 7569.7 -1.51296 1450 7040 7080 1070
322359 21156.9 7234.6 -1.50846 1440 4430 4470 1100
322623 21176.1 6862.9 -1.50485 1420 4360 4420 1080
322876 21212.6 6487.2 -1.50712 1100 4290 3620 1080
323140 21257.1 6164.8 -1.50306 1410 2870 2890 1140
323393 21321.8 5798 -1.49732 1440 6190 4940 1120
323657 21387.4 5414.1 -1.48891 1470 4500 5290 1090
323921 21452.5 4929.4 -1.48599 1490 3410 3090 1070
324174 21492.7 4482.8 -1.48909 1470 4490 1370 1080
324438 21541.6 4029.1 -1.49399 1450 4000 3310 1100
324691 21600.4 3623.5 -1.49117 1440 2580 2980 1120
324955 21674.3 3261.3 -1.49414 1420 3490 4020 1130
325208 21796.8 2812.8 -1.49615 1390 2080 2160 1150
325472 21896.5 2282.8 -1.48509 1340 2350 2630 1150
325736 21975.9 1665.8 -1.48377 1410 2630 4640 1130
325989 22056.5 987.4 -1.48633 1450 2200 3470 1100
326253 22141 310.7 -1.48754 1450 2150 6020 1110
326506 22225.3 -363.1 -1.48703 1430 2100 2210 1120
326770 22310.9 -1044.9 -1.47546 1420 1770 1860 1130
327023 22414.3 -1771.1 -1.46139 1420 2280 5130 1130
327287 22527.7 -2430.1 -1.46818 1430 1450 2040 1120
327540 22633.1 -3029.9 -1.48023 1450 4090 4140 1090
327804 22712.5 -3631.2 -1.48797 1480 4460 4500 1060
328068 22775.2 -4214.9 -1.48599 1450 4840 4880 1060
328321 22832.5 -4780.5 -1.48122 1480 5210 4500 1060
328585 22902.6 -5341.1 -1.47727 1470 2590 2090 1050
328838 22987.2 -5970.8 -1.47529 1220 4240 2920 990
329102 23083.2 -6702 -1.4807 1210 2600 3260 1110
329366 23191.7 -7372.8 -1.48463 1410 2470 3010 1140
329619 23281.1 -7890 -1.48296 1420 3360 5870 1140
329883 23353.1 -8363.8 -1.48098 1420 2850 2790 1120
330136 23415.5 -8872.7 -1.48051 1450 2790 6090 1100
330400 23481 -9415.9 -1.47749 1480 4140 4330 1060
330664 23551.4 -9955 -1.46864 1510 5080 3210 1040
330917 23596.6 -10430.3 -1.4737 1510 6730 5020 1040
331181 23643.9 -10654.9 -1.47872 1490 3560 4710 1050
331434 23663.9 -10967.7 -1.47864 1460 5770 3800 900
331698 23724.9 -11028.6 -1.4734 1400 6160 4090 1090
331951 23811.1 -11171.4 -1.47099 1420 4410 3290 1050
332215 23916.1 -11624.2 -1.46865 1480 3570 3570 980
332479 24020.5 -12146.5 -1.46512 1490 2850 2890 980
332732 24095.8 -12670.4 -1.46603 1480 2600 2640 1000
332996 24185.4 -13181.7 -1.4634 1460 3300 2710 1030
333249 24265 -13600.6 -1.45897 1440 3180 3240 1070
333513 24396 -14123 -1.45928 1400 4120 4210 1080
333766 24509.3 -14622.2 -1.4596 1390 3790 5730 1100
334030 24583 -15063.2 -1.45828 1400 2950 4360 1150
334294 24594.7 -15380.7 -1.45748 1430 3250 6830 1120
334547 24589 -15635.5 -1.45664 1470 2870 2910 1080
334811 24596.8 -15780 -1.45731 1460 2110 2880 1020
335075 24618.1 -15921.1 -1.44837 1430 2610 3400 990
335328 24622.3 -16172.2 -1.44377 1450 2190 2790 1080
335592 24579.5 -16394 -1.45381 1460 2330 6580 1100
335845 24584.5 -16662.2 -1.46527 1450 2390 3740 1120
336109 24620.3 -16926.2 -1.47047 1420 2630 2760 1140
336362 24626.9 -17128 -1.47671 1420 3080 4070 1150
336626 24614.1 -17402.1 -1.47894 1420 2180 2270 1130
336879 24596.8 -17692 -1.48145 1410 1940 2010 1170
337143 24622.7 -18003.2 -1.48078 1600 3130 3040 1230
337396 24647.8 -18331.5 -1.47433 4980 2950 1980 1190
337660 24710.4 -18588.5 -1.47028 4280 4310 2730 1150
337913 24785 -18870.5 -1.47067 5880 5010 4010 1100
338177 24850.9 -19101.2 -1.47038 2890 5740 1880 1060
338441 24908.9 -19354.8 -1.46481 4990 4900 5000 1020
338694 24953.8 -19592.5 -1.46177 5320 2040 2050 1020
338958 24972.9 -19743.1 -1.45805 5730 3880 3900 1050
339211 25045.3 -19881.5 -1.45316 6600 4280 4320 1080
339475 25103.1 -19944.3 -1.44582 4020 4610 4660 1110
339739 25131.3 -19977.1 -1.44355 3980 5210 5300 1160
339992 25174 -20062.4 -1.44259 5630 5180 2830 1190
340256 25161.2 -20175.3 -1.44803 2500 5310 3470 1290
340509 25114.3 -20245.1 -1.45344 4690 5390 3110 1320
340773 25086.7 -20272.3 -1.48134 2520 4000 2790 6590
341026 25103.5 -20303.2 -1.56262 2160 5230 2860 6590
341290 25152.8 -20338.9 -1.69326 5830 5120 5180 5860
341543 25207.8 -20358.8 -1.82161 5090 5120 4540 2050
341807 25232.1 -20425.7 -1.96085 3060 5140 2630 790
342071 25226.7 -20580.6 -2.09504 3780 4290 3480 4330
342324 25224.9 -20722.7 -2.20458 1990 5140 5190 1980
342588 25239.8 -20828 -2.29747 2920 5880 5920 4710
342841 25273.1 -20968.1 -2.38389 3550 4910 4940 3890
343105 25272.2 -20962.5 -2.49151 2470 6510 6530 4130
343369 25248.3 -21001.4 -2.61052 3910 3420 3460 4740
343622 25207.7 -21046.5 -2.72997 2360 5550 5590 4730
343886 25169.8 -21106.5 -2.81097 2950 3640 5950 4700
344139 25093 -21128.6 -2.84866 1890 3100 4650 4430
344403 24943.7 -21131.6 -2.84979 1750 7270 4560 3010
344656 24756 -21166.4 -2.85001 1780 3420 3420 1300
344920 24530.9 -21174 -2.85844 1830 5490 5540 1190
345184 24283.1 -21233.6 -2.86904 1890 5410 6290 1260
345437 24007 -21332.4 -2.88281 1930 4140 3230 1270
345701 23720.2 -21479.8 -2.91672 1920 6200 7050 1250
345954 23419.9 -21642.6 -2.95289 1920 3970 4380 1240
346218 23101 -21748.2 -2.9774 1930 3700 4340 1230
346471 22764.9 -21862.3 -2.99206 1890 5120 6010 1250
346735 22427.8 -21901.7 -3.00508 1870 3010 3040 1280
346999 22100.2 -21951.2 -3.0159 1850 4760 5080 1280
347252 21751.7 -22009.9 -2.99762 1850 4190 5380 1300
347516 21395.5 -22107.7 -2.98445 1870 3180 4010 1290
347769 21063 -22179 -2.98638 1890 3900 6240 1290
348033 20732.5 -22216.5 -2.99249 1860 3580 5180 1290
348286 20420.5 -22254.6 -3.00385 1850 3350 5670 1310
348550 20098.7 -22283.4 -3.0126 1820 3140 4870 1330
348814 19789.2 -22325.7 -3.01243 1810 2000 2450 1300
349067 19468.6 -22380.7 -3.01 1800 4460 3660 1340
349331 19159.5 -22439.3 -3.00395 1790 4800 4060 1390
349584 18845.3 -22473.9 -2.99978 1790 3590 3100 1370
349848 18554.5 -22470.3 -3.00885 1760 4290 4080 1370
350112 18322 -22445 -3.01432 1820 2790 2740 1360
350365 18030.6 -22450.5 -3.01552 1690 3830 2300 1390
350629 17707.1 -22492.7 -3.01166 1660 4370 3570 1410
350882 17333.2 -22535.5 -3.00532 1700 1950 2030 1440
351146 16938.2 -22609.3 -3.00457 1630 3120 3210 1470
351399 16551.5 -22698 -3.00984 1720 3610 4520 1480
351663 16205 -22753.9 -3.01712 1610 3600 2360 1410
351927 15884.3 -22784.2 -3.02806 1540 3490 5680 1420
352180 15580.9 -22789.8 -3.02053 1750 1810 1840 1440
352444 15243.7 -22800.6 -3.00631 1640 3060 3920 1470
352697 14958.5 -22822.7 -3.00205 1670 3490 4330 1490
352961 14556.4 -22905.4 -3.00103 1520 3760 3010 1390
353214 14111.2 -23029.3 -3.00242 1370 3440 5500 1460
353478 13827.8 -23082.7 -3.01008 1650 3130 2820 1420
353742 13515.4 -23121.3 -3.01668 1270 2840 5320 1150
353995 13170.4 -23145.1 -3.01509 2640 4560 4310 1510
354259 12810.9 -23178.3 -3.0095 3380 4150 3810 1530
354512 12445.4 -23229.3 -3.00735 3460 4030 6700 1480
354776 12105.6 -23294.6 -3.01071 3540 5170 3630 1520
355029 11788.8 -23352.5 -3.01385 2300 4040 5720 1560
355293 11426.7 -23400.1 -3.01006 3410 4610 6060 1630
355557 11013.7 -23455.5 -3.0059 3200 4350 4710 1630
355810 10663.7 -23491.5 -3.01032 3340 4080 4200 1630
356074 10133.6 -23586.3 -3.01828 3350 3100 4530 1630
356327 9782.9 -23627.8 -3.02572 3420 3390 1850 1580
356591 9438.9 -23636 -3.03628 3220 5450 5100 1550
356855 9053.3 -23638.9 -3.02025 3520 3120 1900 1480
357108 8593.6 -23658.7 -3.00034 3330 3770 5310 1360
357372 8218.7 -23690.1 -2.99471 3790 4460 7290 1280
357625 7828.3 -23752.2 -3.0013 4800 3670 6390 1600
357889 7545.1 -23797.3 -3.0344 4010 7130 7040 2550
358142 7361.3 -23844.4 -3.08684 5480 4440 4520 2350
358406 7207.8 -23911.2 -3.13777 3870 4340 4450 2410
358670 7096.4 -24005.2 3.10023 4580 6010 4380 2400
358923 7035.9 -24094.4 2.9843 5320 4140 4200 4100
359187 6936.1 -24129.6 2.80259 4240 6640 4930 4110
359451 6849.9 -24116.8 2.62618 5730 5260 2580 7300
359704 6725.7 -24084.8 2.45031 3610 3960 2870 5120
359968 6589.6 -24061.5 2.28932 3230 6470 6520 4660
360221 6504.7 -24036.3 2.13898 4440 2590 2630 5920
360485 6493.9 -24013.3 2.01603 3660 6420 2580 4570
360749 6516.4 -23938.9 1.90316 3710 5420 3770 4580
361002 6502.5 -23830.1 1.80068 4410 2370 2400 5030
361255 6457.9 -23697 1.72692 4330 3560 3600 4950
361519 6352.4 -23584.5 1.68007 5940 2660 2110 5070
361783 6221.2 -23449.4 1.64214 2860 3410 1740 2830
362036 6114.5 -23266.6 1.60191 6700 2420 2390 4050
362300 5995.8 -23082.9 1.55092 5230 2410 1440 4600
362553 5864.3 -22898.7 1.49289 3950 5750 1600 4800
362817 5777.3 -22670.2 1.43219 6470 4440 1780 5170
363081 5747.7 -22408.8 1.38357 3510 4810 1230 2790
363334 5719 -22171.7 1.3548 3300 4660 1380 1470
363598 5672.5 -21931.9 1.343 4850 4910 3030 2910
363851 5650 -21650.8 1.34622 2540 3160 3060 1210
364115 5637.3 -21336.4 1.35679 2150 4610 4660 2330
364368 5622.7 -21038.3 1.36154 760 1850 4270 1010
364632 5567.9 -20722.3 1.35742 750 3420 3970 1020
364896 5508.1 -20399.8 1.35445 750 3730 3760 1020
365149 5454.3 -20056.6 1.398 750 2580 3840 1020
365413 5403.6 -19694.8 1.49128 780 3920 3800 1010
365666 5356.9 -19324.3 1.57564 4280 4000 3380 1020
365930 5297.3 -18912.4 1.63383 2120 4420 3350 4180
366194 5224.2 -18491.6 1.64918 5900 3180 3070 4900
366447 5142.1 -18042.3 1.6862 5750 3460 2780 4050
366711 5061.1 -17661.7 1.75428 4470 6140 6010 4290
366964 4981.3 -17353.9 1.8232 4560 3540 2700 4960
367228 4886.1 -17041.1 1.85751 2300 4220 2790 2750
367481 4786.6 -16760 1.88347 3610 5830 3500 5040
367745 4711.1 -16566.1 1.93792 3350 5130 3020 4480
367998 4717.7 -16525.5 2.00003 2790 4880 2960 4820
368262 4833.4 -16633.4 2.07784 2860 3230 2930 5280
368526 4949.2 -16570.9 2.1636 3530 4280 3180 6430
368779 5021.6 -16498.5 2.26893 2110 4830 3650 6910
369043 5093.1 -16474.5 2.38732 3370 3790 3810 6250
369296 5143.6 -16480.8 2.49129 2440 5010 4990 4630
369560 5161.9 -16492.2 2.59644 3030 3520 3530 7200
369813 5146.2 -16487 2.70733 1960 2870 3120 2630
370077 5082.9 -16464.7 2.81985 1870 3930 4160 1430
370341 4984.4 -16432.4 2.90673 1750 2620 2740 1520
370594 4843 -16411.6 2.97993 1760 2880 4230 1600
370858 4650.3 -16395 3.02438 1740 3210 3620 1650
371122 4412.7 -16361.6 3.06108 1720 3070 3220 1710
371375 4150.3 -16323.2 3.12426 1680 2920 3070 1780
371639 3870.3 -16280.2 -3.07766 1730 2860 2640 1820
371892 3538.3 -16246.9 -2.96103 1850 2160 2220 3540
372156 3204 -16226.6 -2.87006 1940 2720 2790 4460
372420 2896.2 -16218.9 -2.81562 2150 2640 2030 5950
372673 2652.1 -16210.4 -2.77307 2160 2520 2160 6310
372937 2476.7 -16188.3 -2.69741 2190 2390 2420 7030
373201 2314.8 -16169.9 -2.58155 2060 1890 3550 4920
373454 2185.2 -16158.8 -2.46405 1950 2140 2130 4350
373718 2066.4 -16161.5 -2.36734 2630 1720 1720 5990
373971 1939.5 -16188.2 -2.27113 2650 2060 2030 2920
374235 1813.9 -16230.2 -2.17745 2740 5120 2000 6760
374488 1670.4 -16292.3 -2.09501 3660 2070 1410 6670
374752 1522.6 -16386.3 -2.01531 2980 5840 1510 4540
375005 1412.1 -16432.4 -1.9256 3620 4450 3800 6500
375269 1334.6 -16441.6 -1.81994 2300 4840 3320 3840
375533 1258.6 -16447 -1.70358 1540 5750 5780 6450
375786 1236.8 -16473.2 -1.60912 1440 3200 3250 5680
376050 1264.3 -16562.9 -1.53172 1290 5750 3230 5200
376303 1288.1 -16694.6 -1.48569 970 4350 4410 880
376567 1342.3 -16876.5 -1.43495 900 3420 5440 900
376820 1405.1 -17084.6 -1.38517 860 4520 4560 930
377084 1506.2 -17333.7 -1.35231 850 4040 4080 930
377348 1608.8 -17636.6 -1.34134 880 3210 3230 930
377601 1638.6 -18029.2 -1.34197 1590 4450 4470 2980
377865 1647.1 -18442.9 -1.34761 1820 1900 1930 5170
378118 1657.7 -18830.6 -1.34802 1870 3040 4280 3760
378382 1689.5 -19206.3 -1.35154 1370 4190 3420 6230
378635 1737.2 -19535 -1.35658 1340 3360 2290 5290
378899 1800.2 -19862.5 -1.36101 1110 3230 3260 3470
379163 1871.7 -20173.5 -1.36577 5040 2810 2810 3360
379416 1944.3 -20486 -1.36401 1930 2910 2570 3250
379680 2024.4 -20810.8 -1.36089 2940 2310 2270 7310
379933 2107.7 -21177.7 -1.3603 2840 2430 2040 4200
380197 2187.4 -21545.1 -1.36051 1850 2480 1860 5120
380461 2270.5 -21902 -1.3607 2570 2150 1810 5340
380714 2369.5 -22247.7 -1.36019 2550 2160 1740 4430
380978 2471.1 -22570.4 -1.31961 2570 2130 1670 5260
381231 2578.2 -22865.6 -1.21951 2040 1990 1710 2140
381495 2689.9 -23101 -1.12271 1500 1830 1780 1980
381748 2799.4 -23267.6 -1.06019 1260 3400 1550 5560
382012 2897.7 -23360.8 -0.997181 1220 3050 1520 4820
382276 2983.9 -23397.2 -0.924193 1090 3250 1420 4670
382529 3075 -23456.2 -0.826339 990 2590 1300 4780
382793 3179.3 -23584.8 -0.720299 910 2680 1810 4260
383046 3283.8 -23699.6 -0.618899 870 2870 1500 4300
383310 3388.3 -23813.2 -0.504699 850 3020 2390 4240
383563 3481.8 -23896.1 -0.404912 820 4460 2420 4300
383827 3554.4 -23967 -0.329995 760 3060 2000 4300
384091 3653.4 -24034.7 -0.262175 740 5130 1950 4280
384344 3800.2 -24070.3 -0.174235 760 5420 1730 4280
384608 3995 -24049.8 -0.0871336 790 4130 1500 4870
384861 4221.9 -24010 -0.00734429 830 6650 1340 4440
385125 4463.7 -23946.2 0.0531113 860 4060 2140 4530
385378 4684.4 -23881.4 0.0656358 890 4010 1930 3460
385642 4946.3 -23826.3 0.0680572 870 5650 1980 3860
385906 5216.6 -23755.1 0.0683738 910 2590 2120 4440
386159 5568.3 -23698.8 0.0710381 950 4950 2980 4060
386423 6015.7 -23668.2 0.0897015 980 4440 3340 4030
386676 6322.7 -23576.6 0.0960652 1030 3370 2790 3980
386940 6668.5 -23499.4 0.0972112 1120 4680 5440 3940
387193 6971.9 -23416.6 0.108243 1400 3760 3050 3900
387457 7290.3 -23341.6 0.132529 1680 4360 2670 2720
387721 7600.7 -23273.5 0.172998 1730 3960 3840 5560
387974 7917.5 -23194.7 0.248511 1810 2160 2070 4200
388238 8194.6 -23118.8 0.345436 2380 3180 2790 3490
388491 8418.5 -23053.5 0.441553 2650 3750 3710 5240
388755 8564.4 -22999 0.540134 3870 2840 2770 4390
389008 8639.1 -22953.1 0.628441 3140 3610 3400 6940
389272 8703.2 -22882.2 0.705924 3920 2640 2250 4880
389536 8774.6 -22764 0.77169 2700 6020 1960 2850
389789 8867.5 -22604.3 0.905046 2210 5620 2670 3870
390053 8978.7 -22426.4 1.12127 1510 2210 1590 4490
390306 9132.3 -22209.3 1.35256 1360 2070 2320 4620
390570 9268.1 -21938.4 1.46857 1360 1900 4470 4920
390823 9371.5 -21623.5 1.47456 1510 1770 6650 2560
391087 9457.1 -21274.6 1.46388 1680 1550 5010 3560
391351 9515.5 -20992.5 1.49438 1280 1290 3840 4620
391604 9533.4 -20777.5 1.57145 1210 3190 5780 2390
391868 9517.6 -20596.6 1.66658 1280 4240 4240 1050
392121 9495.1 -20382.2 1.72382 1030 4590 2980 930
392385 9468.2 -20108.7 1.72639 910 5020 5050 850
392638 9423.8 -19832 1.71015 880 2660 4170 890
392902 9383.1 -19546 1.70073 860 2390 2430 910
393166 9391.6 -19234.5 1.69527 840 3580 3600 930
393419 9414.9 -18868.1 1.6892 850 3240 3260 960
393683 9430.2 -18509.2 1.69212 1050 3390 3350 1790
393947 9449.8 -18106.4 1.69999 3730 3030 2850 3440
394200 9456.4 -17690.3 1.70379 2660 2740 2750 4210
394453 9444 -17345.7 1.70414 2340 2540 2550 5890
394717 9420.5 -16998.8 1.70448 3560 2400 2380 5890
394981 9394.6 -16707.3 1.70868 1610 2310 2290 5890
395245 9366 -16399 1.71701 1820 2470 2220 7410
395498 9318.1 -16114.3 1.74189 2350 2850 2160 6590
395751 9263.4 -15872.7 1.78209 2390 3120 2130 4890
396015 9217.2 -15672.3 1.84277 2390 3630 2310 7160
396279 9168.4 -15539.9 1.9182 2010 4850 2380 4730
396532 9119.5 -15453.2 2.0287 1920 3970 2250 5580
396796 9051.1 -15366.7 2.15239 1810 4730 2230 4610
397049 8948.8 -15315.1 2.26992 1670 7250 2240 3650
397313 8821.5 -15236.1 2.36855 1580 4640 3430 1880
397577 8668.1 -15130.5 2.46529 1510 7240 2770 1910
397830 8487 -15039.2 2.55785 1350 6250 3430 1930
398094 8280.7 -14928.9 2.64371 1340 3160 3890 1960
398347 8022.3 -14853.2 2.73264 1320 4830 6400 2990
398611 7712.1 -14808.7 2.81156 1430 5470 5110 7490
398875 7408.6 -14791.7 2.88722 4580 4100 3650 6540
399128 7086.8 -14796.6 2.98014 1900 5380 3350 4750
399392 6756.3 -14810.5 3.07681 1700 3380 3490 6390
399645 6409.9 -14796.4 -3.11332 1600 4630 4910 5940
399909 6073.2 -14828.5 -3.05353 1650 4020 4080 3160
400162 5727.5 -14859.8 -3.05799 1730 3000 3100 1580
400426 5371.7 -14921.1 -3.06688 1810 3630 3660 1530
400690 5019.7 -15010.3 -3.05307 2470 2460 3230 1460
400943 4675.1 -15133.2 -3.02426 2180 2090 2900 1390
401196 4319.9 -15273.6 -2.98037 3030 2130 2560 6090
401460 3944.2 -15381.3 -2.88537 2990 2360 2360 5660
401724 3542.5 -15482.8 -2.74129 2850 3760 1850 4900
401977 3192.2 -15585.3 -2.60142 3660 4810 2010 6850
402241 2884 -15720.2 -2.47182 3350 5170 1550 4190
402494 2659.7 -15849.4 -2.36761 2970 5930 1680 4980
402758 2528.6 -15970.1 -2.26428 3210 3240 3280 5690
403011 2393.7 -16042.7 -2.14656 1290 4060 6680 2560
403275 2239.6 -16108.2 -2.02302 1090 5900 4620 6340
403539 2104 -16197.3 -1.90096 930 5150 4170 3720
403792 1968.7 -16331 -1.81406 680 4320 4370 2860
404056 1820.7 -16500.2 -1.74706 670 4250 3180 1130
404309 1709.1 -16676.5 -1.66382 700 5290 3290 1090
404573 1613.2 -16862.4 -1.57367 730 5380 5740 1010
404826 1567.6 -17026.7 -1.51013 730 4460 4670 1060
405090 1598.8 -17210.7 -1.47426 740 5430 5430 960
405354 1632.7 -17425.5 -1.46828 900 4200 4230 1200
405607 1680.9 -17699 -1.47448 1680 3680 3710 1300
405871 1669.2 -18005.6 -1.47977 1410 4310 4340 1980
406135 1627.6 -18351 -1.47234 1730 3250 3280 5930
406388 1590.4 -18741.1 -1.46801 1120 3570 3600 3340
406641 1595.7 -19126.6 -1.48723 1060 3140 3170 6430
406905 1674.8 -19443.3 -1.50743 4660 2820 2850 4660
407158 1784.3 -19751.7 -1.5091 3380 2620 2680 4460
407422 1875.3 -20095.2 -1.49649 5980 2370 2430 4800
407686 1930.7 -20489.7 -1.48696 5100 2170 2250 3620
407939 1979.2 -20833.2 -1.50138 3300 2020 2110 3820
408203 2039 -21192.3 -1.54943 4930 1900 2010 2860
408456 2094.9 -21512 -1.61096 1890 1810 1910 2790
408720 2103.9 -21780.5 -1.68469 5720 2020 2520 2040
408984 2096.8 -22056.8 -1.76838 3420 2110 2900 1710
409237 2056.3 -22299.5 -1.84116 3490 2040 2990 1600
409501 2019.9 -22482.7 -1.92663 3850 1920 3320 1500
409754 2026.1 -22645.6 -2.04045 3460 2270 2800 1420
410018 2048.2 -22785.2 -2.16498 3860 2010 3110 1350
410282 2090 -22930.2 -2.28101 3470 2900 2620 1280
410535 2091.6 -23010.9 -2.38193 3220 2760 6890 1220
410799 2064.7 -23083 -2.46025 3970 2250 4310 1170
411052 1997.2 -23133.1 -2.57464 4000 2110 4320 1140
411316 1871.5 -23173.1 -2.71896 3160 2190 6040 1080
411580 1740.4 -23207.9 -2.85105 2060 1810 3020 1010
411833 1607.9 -23277.8 -2.94529 2040 1790 5120 1040
412097 1465.7 -23366.8 -3.00421 2040 4950 5490 1130
412350 1266.8 -23446.4 -3.07152 2010 5430 4150 1160
412614 1054.1 -23507.7 -3.11007 2030 6620 6640 1170
412878 829.5 -23603.5 -3.10617 2000 4050 4090 1180
413131 563.3 -23680.8 -3.0892 2000 4040 4060 1140
413395 267.4 -23669.9 -3.08821 1990 5680 5720 1130
413659 -54.5 -23628.6 -3.10653 1970 2630 2670 1150
413912 -368.7 -23614.6 -3.12598 1920 4730 4790 1190
414176 -681.7 -23634.7 -3.1265 1900 5140 5170 1220
414429 -1049.2 -23648.2 -3.11777 1890 6400 3840 1230
414693 -1453.7 -23687.7 -3.11624 1880 5420 5450 1280
414946 -1895.6 -23706 -3.11206 1870 2360 2400 1330
415210 -2327.7 -23703.7 -3.10997 1820 4460 4490 1350
415474 -2725.2 -23706.9 -3.11265 1780 5260 4940 1390
415727 -3153.3 -23738.8 -3.11229 1810 2180 2220 1400
415991 -3592.6 -23784.1 -3.11262 1690 4630 4590 1410
416244 -4036.1 -23824.9 -3.10621 1780 2820 2760 1410
416508 -4465.5 -23795.8 -3.10432 1640 2560 2450 1410
416761 -4880.3 -23789.4 -3.0938 1800 3580 3670 1400
417025 -5407.3 -23770.7 -3.0896 1790 1870 1920 1400
417289 -5761.3 -23805 -3.09522 1770 2310 2270 1430
417542 -6156.9 -23819.2 -3.1058 1750 2840 2980 1470
417806 -6655.4 -23913.8 -3.10341 1710 3290 1910 1490
418059 -6948.1 -23897.7 -3.11085 1670 3940 3970 1540
418323 -7194.8 -23918.9 -3.11482 1660 3270 2150 1550
418587 -7381.8 -23939.4 -3.11522 1270 3160 3020 1210
418840 -7583.8 -23951.8 -3.11965 1410 2670 2690 1270
419104 -7953 -23858.8 -3.12391 1260 2400 2220 1340
419368 -8386.2 -23785.8 -3.10632 880 2100 2000 600
419621 -8866.7 -23861.3 -3.08333 1230 1870 1900 1000
419874 -9357.9 -23911.5 -3.09109 1560 1730 1760 1110
420138 -9835.5 -23936.3 -3.09765 970 1620 1660 900
420402 -10173.8 -24205.8 -3.08245 1630 1530 1560 1470
420655 -10522 -24154.4 -3.07451 1060 1410 1450 1510
420908 -10909.8 -23837.6 -3.09346 2900 1290 1320 1610
421172 -11168.2 -23646.5 -3.12615 2720 1180 1190 2290
421436 -11361.4 -23555.8 3.1377 1730 1030 1040 2120
421700 -11529 -23515.9 3.13672 1650 970 930 1660
421953 -11631 -23638.5 -3.13498 1300 1480 920 1660
422206 -11758.3 -23723.6 -3.11906 1250 1510 1230 1650
422470 -11747.6 -23788.3 -3.04015 1070 3380 1550 1650
422734 -11672.4 -23815.6 -2.89848 1050 2600 1570 1660
422998 -11680.1 -23828.2 -2.73299 1020 4410 1490 1670
423251 -11606.6 -23837.4 -2.56057 910 3080 1400 4020
423515 -11407.1 -23840.7 -2.38439 850 3380 4130 7250
423768 -11271.9 -23829.7 -2.21824 810 2600 3160 1210
424032 -11184.2 -23840.7 -2.05745 730 3720 3950 1130
424285 -11154.6 -23839.6 -1.92068 650 2470 2970 1230
424549 -11140 -23887.6 -1.82092 610 3090 2360 1300
424802 -11168 -24014.1 -1.72441 560 2350 3460 1310
425066 -11251 -24242.1 -1.654 570 1440 1970 1260
425330 -11341.3 -24460 -1.62625 690 1510 2260 1090
425583 -11395.9 -24560.4 -1.62483 780 1550 2650 1020
425847 -11430.9 -24613.3 -1.56241 760 1600 1740 1020
426100 -11413.8 -24709.9 -1.41577 720 1880 1980 1070
426364 -11358.1 -24864.8 -1.30821 2260 1760 1780 1120
426617 -11260.5 -25079 -1.28871 1890 1180 1190 1170
426881 -11137.7 -25355.4 -1.31696 1410 1600 1620 1210
427145 -11064.5 -25691.9 -1.36541 1630 1580 1360 1200
427398 -11087.6 -26067.8 -1.40859 1720 1490 1240 1160
427662 -11122.7 -26324.4 -1.43026 1980 1380 1450 1180
427915 -11161.4 -26420.5 -1.43799 1770 1270 1380 1370
428179 -11175.8 -26494.5 -1.43956 1580 1210 1330 1240
428443 -11175.3 -26561.5 -1.45379 5040 1290 1850 1420
428696 -11134.2 -26638.5 -1.53 1570 1340 2160 1140
428960 -11105.5 -26729 -1.68977 2120 2050 2150 1070
429213 -11081 -26841.9 -1.91003 2250 1940 2060 980
429477 -11054.6 -26917.5 -2.10585 1810 1750 1870 840
429730 -11033.1 -26996.7 -2.26537 1320 1520 1860 710
429994 -11020.6 -27059.8 -2.46918 1750 1310 2140 570
430258 -11020.9 -27099.1 -2.66761 1220 1410 1890 460
430511 -11073.1 -27169.7 -2.79804 1210 1520 2750 500
430775 -11191.3 -27270.6 -2.86269 1200 1110 5610 560
431028 -11356.1 -27406.9 -2.93318 1200 2970 3670 550
431292 -11552.2 -27588.6 -3.06248 1210 5750 5710 460
431545 -11734.6 -27745.2 3.12492 1140 6100 6100 360
431809 -11940.5 -27823.2 3.07118 650 7470 7360 400
